Date,Open,High,Low,Close,Volume,Adj Close
2012-06-04,3.20,3.20,3.20,3.20,000,3.20
2012-06-01,3.20,3.20,3.20,3.20,000,3.20
2012-05-31,3.17,3.17,3.17,3.17,000,3.17
2012-05-30,3.16,3.16,3.16,3.16,000,3.16
2012-05-29,3.15,3.15,3.15,3.15,000,3.15
2012-05-28,3.14,3.14,3.14,3.14,000,3.14
2012-05-25,3.15,3.15,3.15,3.15,000,3.15
2012-05-24,3.15,3.15,3.15,3.15,000,3.15
2012-05-23,3.14,3.14,3.14,3.14,000,3.14
2012-05-22,3.12,3.12,3.12,3.12,000,3.12
2012-05-21,3.13,3.13,3.13,3.13,000,3.13
2012-05-18,3.13,3.13,3.13,3.13,000,3.13
2012-05-17,3.11,3.11,3.11,3.11,000,3.11
2012-05-16,3.12,3.12,3.12,3.12,000,3.12
2012-05-14,3.08,3.08,3.08,3.08,000,3.08
2012-05-11,3.07,3.07,3.07,3.07,000,3.07
2012-05-10,3.07,3.07,3.07,3.07,000,3.07
2012-05-09,3.07,3.07,3.07,3.07,000,3.07
2012-05-08,3.06,3.06,3.06,3.06,000,3.06
2012-05-07,3.05,3.05,3.05,3.05,000,3.05
2012-05-04,3.04,3.04,3.04,3.04,000,3.04
2012-05-03,3.03,3.03,3.03,3.03,000,3.03
2012-05-02,3.03,3.03,3.03,3.03,000,3.03
2012-05-01,3.03,3.03,3.03,3.03,000,3.03
2012-04-30,3.03,3.03,3.03,3.03,000,3.03
2012-04-27,3.04,3.04,3.04,3.04,000,3.04
2012-04-26,3.05,3.05,3.05,3.05,000,3.05
2012-04-25,3.06,3.06,3.06,3.06,000,3.06
2012-04-24,3.07,3.07,3.07,3.07,000,3.07
2012-04-23,3.07,3.07,3.07,3.07,000,3.07
2012-04-20,3.06,3.06,3.06,3.06,000,3.06
2012-04-19,3.07,3.07,3.07,3.07,000,3.07
2012-04-18,3.06,3.06,3.06,3.06,000,3.06
2012-04-17,3.07,3.07,3.07,3.07,000,3.07
2012-04-16,3.07,3.07,3.07,3.07,000,3.07
2012-04-13,3.05,3.05,3.05,3.05,000,3.05
2012-04-12,3.07,3.07,3.07,3.07,000,3.07
2012-04-11,3.08,3.08,3.08,3.08,000,3.08
2012-04-10,3.08,3.08,3.08,3.08,000,3.08
2012-04-09,3.07,3.07,3.07,3.07,000,3.07
2012-04-06,3.07,3.07,3.07,3.07,000,3.07
2012-04-05,3.07,3.07,3.07,3.07,000,3.07
2012-04-04,3.06,3.06,3.06,3.06,000,3.06
2012-04-03,3.05,3.05,3.05,3.05,000,3.05
2012-04-02,3.05,3.05,3.05,3.05,000,3.05
2012-03-30,3.06,3.06,3.06,3.06,000,3.06
2012-03-29,3.07,3.07,3.07,3.07,000,3.07
2012-03-28,3.06,3.06,3.06,3.06,000,3.06
2012-03-27,3.06,3.06,3.06,3.06,000,3.06
2012-03-26,3.08,3.08,3.08,3.08,000,3.08
2012-03-23,3.08,3.08,3.08,3.08,000,3.08
2012-03-22,3.08,3.08,3.08,3.08,000,3.08
2012-03-21,3.07,3.07,3.07,3.07,000,3.07
2012-03-20,3.08,3.08,3.08,3.08,000,3.08
2012-03-19,3.05,3.05,3.05,3.05,000,3.05
2012-03-16,3.06,3.06,3.06,3.06,000,3.06
2012-03-15,3.06,3.06,3.06,3.06,000,3.06
2012-03-14,3.05,3.05,3.05,3.05,000,3.05
2012-03-13,3.03,3.03,3.03,3.03,000,3.03
2012-03-12,3.03,3.03,3.03,3.03,000,3.03
2012-03-08,3.01,3.01,3.01,3.01,000,3.01
2012-03-07,3.03,3.03,3.03,3.03,000,3.03
2012-03-06,3.03,3.03,3.03,3.03,000,3.03
2012-03-05,3.02,3.02,3.02,3.02,000,3.02
2012-03-02,3.00,3.00,3.00,3.00,000,3.00
2012-03-01,3.00,3.00,3.00,3.00,000,3.00
2012-02-29,3.00,3.00,3.00,3.00,000,3.00
2012-02-28,3.01,3.01,3.01,3.01,000,3.01
2012-02-27,3.02,3.02,3.02,3.02,000,3.02
2012-02-24,3.01,3.01,3.01,3.01,000,3.01
2012-02-23,3.02,3.02,3.02,3.02,000,3.02
2012-02-22,3.03,3.03,3.03,3.03,000,3.03
2012-02-21,3.02,3.02,3.02,3.02,000,3.02
2012-02-20,3.02,3.02,3.02,3.02,000,3.02
2012-02-17,3.04,3.04,3.04,3.04,000,3.04
2012-02-16,3.06,3.06,3.06,3.06,000,3.06
2012-02-15,3.04,3.04,3.04,3.04,000,3.04
2012-02-14,3.05,3.05,3.05,3.05,000,3.05
2012-02-13,3.02,3.02,3.02,3.02,000,3.02
2012-02-10,3.03,3.03,3.03,3.03,000,3.03
2012-02-09,3.01,3.01,3.01,3.01,000,3.01
2012-02-08,3.00,3.00,3.00,3.00,000,3.00
2012-02-07,3.01,3.01,3.01,3.01,000,3.01
2012-02-06,3.01,3.01,3.01,3.01,000,3.01
2012-02-03,3.01,3.01,3.01,3.01,000,3.01
2012-02-02,3.02,3.02,3.02,3.02,000,3.02
2012-02-01,3.04,3.04,3.04,3.04,000,3.04
2012-01-31,3.04,3.04,3.04,3.04,000,3.04
2012-01-30,3.06,3.06,3.06,3.06,000,3.06
2012-01-27,3.04,3.04,3.04,3.04,000,3.04
2012-01-26,3.04,3.04,3.04,3.04,000,3.04
2012-01-25,3.08,3.08,3.08,3.08,000,3.08
2012-01-24,3.11,3.11,3.11,3.11,000,3.11
2012-01-23,3.11,3.11,3.11,3.11,000,3.11
2012-01-20,3.11,3.11,3.11,3.11,000,3.11
2012-01-19,3.11,3.11,3.11,3.11,000,3.11
2012-01-18,3.11,3.11,3.11,3.11,000,3.11
2012-01-17,3.12,3.12,3.12,3.12,000,3.12
2012-01-16,3.14,3.14,3.14,3.14,000,3.14
2012-01-13,3.13,3.13,3.13,3.13,000,3.13
2012-01-12,3.14,3.14,3.14,3.14,000,3.14
2012-01-11,3.14,3.14,3.14,3.14,000,3.14
2012-01-10,3.14,3.14,3.14,3.14,000,3.14
2012-01-09,3.15,3.15,3.15,3.15,000,3.15
2012-01-06,3.15,3.15,3.15,3.15,000,3.15
2012-01-05,3.15,3.15,3.15,3.15,000,3.15
2012-01-04,3.14,3.14,3.14,3.14,000,3.14
2012-01-03,3.15,3.15,3.15,3.15,000,3.15
2012-01-02,3.17,3.17,3.17,3.17,000,3.17
2011-12-30,3.17,3.17,3.17,3.17,000,3.17
2011-12-29,3.18,3.18,3.18,3.18,000,3.18
2011-12-28,3.17,3.17,3.17,3.17,000,3.17
2011-12-27,3.17,3.17,3.17,3.17,000,3.17
2011-12-26,3.16,3.16,3.16,3.16,000,3.16
2011-12-23,3.16,3.16,3.16,3.16,000,3.16
2011-12-22,3.17,3.17,3.17,3.17,000,3.17
2011-12-21,3.16,3.16,3.16,3.16,000,3.16
2011-12-20,3.18,3.18,3.18,3.18,000,3.18
2011-12-19,3.18,3.18,3.18,3.18,000,3.18
2011-12-16,3.18,3.18,3.18,3.18,000,3.18
2011-12-15,3.19,3.19,3.19,3.19,000,3.19
2011-12-14,3.18,3.18,3.18,3.18,000,3.18
2011-12-13,3.18,3.18,3.18,3.18,000,3.18
2011-12-12,3.16,3.16,3.16,3.16,000,3.16
2011-12-09,3.15,3.15,3.15,3.15,000,3.15
2011-12-08,3.13,3.13,3.13,3.13,000,3.13
2011-12-07,3.12,3.12,3.12,3.12,000,3.12
2011-12-06,3.14,3.14,3.14,3.14,000,3.14
2011-12-05,3.13,3.13,3.13,3.13,000,3.13
2011-12-02,3.13,3.13,3.13,3.13,000,3.13
2011-12-01,3.14,3.14,3.14,3.14,000,3.14
2011-11-30,3.18,3.18,3.18,3.18,000,3.18
2011-11-29,3.18,3.18,3.18,3.18,000,3.18
2011-11-28,3.20,3.20,3.20,3.20,000,3.20
2011-11-25,3.20,3.20,3.20,3.20,000,3.20
2011-11-24,3.18,3.18,3.18,3.18,000,3.18
2011-11-23,3.18,3.18,3.18,3.18,000,3.18
2011-11-22,3.18,3.18,3.18,3.18,000,3.18
2011-11-21,3.18,3.18,3.18,3.18,000,3.18
2011-11-18,3.16,3.16,3.16,3.16,000,3.16
2011-11-17,3.16,3.16,3.16,3.16,000,3.16
2011-11-16,3.15,3.15,3.15,3.15,000,3.15
2011-11-15,3.15,3.15,3.15,3.15,000,3.15
2011-11-14,3.14,3.14,3.14,3.14,000,3.14
2011-11-11,3.14,3.14,3.14,3.14,000,3.14
2011-11-10,3.15,3.15,3.15,3.15,000,3.15
2011-11-09,3.12,3.12,3.12,3.12,000,3.12
2011-11-08,3.13,3.13,3.13,3.13,000,3.13
2011-11-07,3.11,3.11,3.11,3.11,000,3.11
2011-11-04,3.11,3.11,3.11,3.11,000,3.11
2011-11-03,3.14,3.14,3.14,3.14,000,3.14
2011-11-02,3.13,3.13,3.13,3.13,000,3.13
2011-11-01,3.12,3.12,3.12,3.12,000,3.12
2011-10-31,3.07,3.07,3.07,3.07,000,3.07
2011-10-28,3.06,3.06,3.06,3.06,000,3.06
2011-10-27,3.10,3.10,3.10,3.10,000,3.10
2011-10-26,3.13,3.13,3.13,3.13,000,3.13
2011-10-25,3.13,3.13,3.13,3.13,000,3.13
2011-10-24,3.13,3.13,3.13,3.13,000,3.13
2011-10-21,3.15,3.15,3.15,3.15,000,3.15
2011-10-20,3.13,3.13,3.13,3.13,000,3.13
2011-10-19,3.11,3.11,3.11,3.11,000,3.11
2011-10-18,3.13,3.13,3.13,3.13,000,3.13
2011-10-17,3.10,3.10,3.10,3.10,000,3.10
2011-10-14,3.13,3.13,3.13,3.13,000,3.13
2011-10-13,3.14,3.14,3.14,3.14,000,3.14
2011-10-12,3.11,3.11,3.11,3.11,000,3.11
2011-10-11,3.13,3.13,3.13,3.13,000,3.13
2011-10-10,3.10,3.10,3.10,3.10,000,3.10
2011-10-07,3.15,3.15,3.15,3.15,000,3.15
2011-10-06,3.17,3.17,3.17,3.17,000,3.17
2011-10-05,3.17,3.17,3.17,3.17,000,3.17
2011-10-04,3.20,3.20,3.20,3.20,000,3.20
2011-10-03,3.21,3.21,3.21,3.21,000,3.21
2011-09-30,3.21,3.21,3.21,3.21,000,3.21
2011-09-29,3.19,3.19,3.19,3.19,000,3.19
2011-09-28,3.18,3.18,3.18,3.18,000,3.18
2011-09-27,3.14,3.14,3.14,3.14,000,3.14
2011-09-26,3.16,3.16,3.16,3.16,000,3.16
2011-09-23,3.18,3.18,3.18,3.18,000,3.18
2011-09-22,3.21,3.21,3.21,3.21,000,3.21
2011-09-21,3.16,3.16,3.16,3.16,000,3.16
2011-09-20,3.12,3.12,3.12,3.12,000,3.12
2011-09-19,3.15,3.15,3.15,3.15,000,3.15
2011-09-16,3.09,3.09,3.09,3.09,000,3.09
2011-09-15,3.09,3.09,3.09,3.09,000,3.09
2011-09-14,3.08,3.08,3.08,3.08,000,3.08
2011-09-13,3.08,3.08,3.08,3.08,000,3.08
2011-09-12,3.02,3.02,3.02,3.02,000,3.02
2011-09-09,3.01,3.01,3.01,3.01,000,3.01
2011-09-08,3.00,3.00,3.00,3.00,000,3.00
2011-09-07,2.98,2.98,2.98,2.98,000,2.98
2011-09-06,2.98,2.98,2.98,2.98,000,2.98
2011-09-05,2.98,2.98,2.98,2.98,000,2.98
2011-09-02,2.96,2.96,2.96,2.96,000,2.96
2011-09-01,2.99,2.99,2.99,2.99,000,2.99
2011-08-31,2.99,2.99,2.99,2.99,000,2.99
2011-08-30,2.98,2.98,2.98,2.98,000,2.98
2011-08-29,2.98,2.98,2.98,2.98,000,2.98
2011-08-26,2.98,2.98,2.98,2.98,000,2.98
2011-08-25,2.99,2.99,2.99,2.99,000,2.99
2011-08-24,2.97,2.97,2.97,2.97,000,2.97
2011-08-23,2.96,2.96,2.96,2.96,000,2.96
2011-08-22,2.97,2.97,2.97,2.97,000,2.97
2011-08-19,2.98,2.98,2.98,2.98,000,2.98
2011-08-18,2.98,2.98,2.98,2.98,000,2.98
2011-08-17,2.98,2.98,2.98,2.98,000,2.98
2011-08-16,2.98,2.98,2.98,2.98,000,2.98
2011-08-15,2.95,2.95,2.95,2.95,000,2.95
2011-08-12,3.00,3.00,3.00,3.00,000,3.00
2011-08-11,3.00,3.00,3.00,3.00,000,3.00
2011-08-10,3.01,3.01,3.01,3.01,000,3.01
2011-08-09,2.99,2.99,2.99,2.99,000,2.99
2011-08-08,3.03,3.03,3.03,3.03,000,3.03
2011-08-05,2.98,2.98,2.98,2.98,000,2.98
2011-08-04,2.99,2.99,2.99,2.99,000,2.99
2011-08-03,2.96,2.96,2.96,2.96,000,2.96
2011-08-02,2.97,2.97,2.97,2.97,000,2.97
2011-08-01,2.93,2.93,2.93,2.93,000,2.93
2011-07-29,2.96,2.96,2.96,2.96,000,2.96
2011-07-28,2.94,2.94,2.94,2.94,000,2.94
2011-07-27,2.94,2.94,2.94,2.94,000,2.94
2011-07-26,2.95,2.95,2.95,2.95,000,2.95
2011-07-25,2.97,2.97,2.97,2.97,000,2.97
2011-07-22,2.98,2.98,2.98,2.98,000,2.98
2011-07-21,2.98,2.98,2.98,2.98,000,2.98
2011-07-20,2.99,2.99,2.99,2.99,000,2.99
2011-07-19,3.01,3.01,3.01,3.01,000,3.01
2011-07-18,3.00,3.00,3.00,3.00,000,3.00
2011-07-15,3.01,3.01,3.01,3.01,000,3.01
2011-07-14,3.01,3.01,3.01,3.01,000,3.01
2011-07-13,3.01,3.01,3.01,3.01,000,3.01
2011-07-12,3.04,3.04,3.04,3.04,000,3.04
2011-07-11,3.01,3.01,3.01,3.01,000,3.01
2011-07-08,2.99,2.99,2.99,2.99,000,2.99
2011-07-07,3.01,3.01,3.01,3.01,000,3.01
2011-07-06,3.01,3.01,3.01,3.01,000,3.01
2011-07-05,3.02,3.02,3.02,3.02,000,3.02
2011-07-04,3.00,3.00,3.00,3.00,000,3.00
2011-07-01,3.01,3.01,3.01,3.01,000,3.01
2011-06-30,3.02,3.02,3.02,3.02,000,3.02
2011-06-29,3.03,3.03,3.03,3.03,000,3.03
2011-06-28,3.05,3.05,3.05,3.05,000,3.05
2011-06-27,3.04,3.04,3.04,3.04,000,3.04
2011-06-24,3.04,3.04,3.04,3.04,000,3.04
2011-06-23,3.01,3.01,3.01,3.01,000,3.01
2011-06-22,3.04,3.04,3.04,3.04,000,3.04
2011-06-21,3.03,3.03,3.03,3.03,000,3.03
2011-06-20,3.05,3.05,3.05,3.05,000,3.05
2011-06-17,3.04,3.04,3.04,3.04,000,3.04
2011-06-16,3.04,3.04,3.04,3.04,000,3.04
2011-06-15,3.04,3.04,3.04,3.04,000,3.04
2011-06-14,3.04,3.04,3.04,3.04,000,3.04
2011-06-13,3.03,3.03,3.03,3.03,000,3.03
2011-06-10,3.02,3.02,3.02,3.02,000,3.02
2011-06-09,3.03,3.03,3.03,3.03,000,3.03
2011-06-08,3.02,3.02,3.02,3.02,000,3.02
2011-06-07,3.00,3.00,3.00,3.00,000,3.00
2011-06-06,3.01,3.01,3.01,3.01,000,3.01
2011-06-03,3.00,3.00,3.00,3.00,000,3.00
2011-06-02,3.00,3.00,3.00,3.00,000,3.00
2011-06-01,3.03,3.03,3.03,3.03,000,3.03
2011-05-31,3.01,3.01,3.01,3.01,000,3.01
2011-05-30,3.01,3.01,3.01,3.01,000,3.01
2011-05-27,3.02,3.02,3.02,3.02,000,3.02
2011-05-26,3.04,3.04,3.04,3.04,000,3.04
2011-05-25,3.06,3.06,3.06,3.06,000,3.06
2011-05-24,3.05,3.05,3.05,3.05,000,3.05
2011-05-23,3.05,3.05,3.05,3.05,000,3.05
2011-05-20,3.01,3.01,3.01,3.01,000,3.01
2011-05-19,3.02,3.02,3.02,3.02,000,3.02
2011-05-18,3.04,3.04,3.04,3.04,000,3.04
2011-05-17,3.04,3.04,3.04,3.04,000,3.04
2011-05-16,3.06,3.06,3.06,3.06,000,3.06
2011-05-13,3.01,3.01,3.01,3.01,000,3.01
2011-05-12,3.01,3.01,3.01,3.01,000,3.01
2011-05-11,2.99,2.99,2.99,2.99,000,2.99
2011-05-10,2.98,2.98,2.98,2.98,000,2.98
2011-05-09,2.98,2.98,2.98,2.98,000,2.98
2011-05-06,3.04,3.04,3.04,3.04,000,3.04
2011-05-05,3.01,3.01,3.01,3.01,000,3.01
2011-05-04,2.98,2.98,2.98,2.98,000,2.98
2011-05-03,2.98,2.98,2.98,2.98,000,2.98
2011-05-02,2.97,2.97,2.97,2.97,000,2.97
2011-04-29,2.97,2.97,2.97,2.97,000,2.97
2011-04-28,2.96,2.96,2.96,2.96,000,2.96
2011-04-27,2.96,2.96,2.96,2.96,000,2.96
2011-04-26,2.98,2.98,2.98,2.98,000,2.98
2011-04-25,3.00,3.00,3.00,3.00,000,3.00
2011-04-22,3.01,3.01,3.01,3.01,000,3.01
2011-04-21,3.01,3.01,3.01,3.01,000,3.01
2011-04-20,3.01,3.01,3.01,3.01,000,3.01
2011-04-19,3.02,3.02,3.02,3.02,000,3.02
2011-04-18,3.02,3.02,3.02,3.02,000,3.02
2011-04-15,3.03,3.03,3.03,3.03,000,3.03
2011-04-14,3.02,3.02,3.02,3.02,000,3.02
2011-04-13,3.03,3.03,3.03,3.03,000,3.03
2011-04-12,3.02,3.02,3.02,3.02,000,3.02
2011-04-11,3.03,3.03,3.03,3.03,000,3.03
2011-04-08,3.01,3.01,3.01,3.01,000,3.01
2011-04-07,3.03,3.03,3.03,3.03,000,3.03
2011-04-06,3.03,3.03,3.03,3.03,000,3.03
2011-04-05,3.03,3.03,3.03,3.03,000,3.03
2011-04-04,3.03,3.03,3.03,3.03,000,3.03
2011-04-01,3.02,3.02,3.02,3.02,000,3.02
2011-03-31,3.03,3.03,3.03,3.03,000,3.03
2011-03-30,3.02,3.02,3.02,3.02,000,3.02
2011-03-29,3.03,3.03,3.03,3.03,000,3.03
2011-03-28,3.03,3.03,3.03,3.03,000,3.03
2011-03-25,3.02,3.02,3.02,3.02,000,3.02
2011-03-24,3.03,3.03,3.03,3.03,000,3.03
2011-03-23,3.03,3.03,3.03,3.03,000,3.03
2011-03-22,3.03,3.03,3.03,3.03,000,3.03
2011-03-21,3.03,3.03,3.03,3.03,000,3.03
2011-03-18,3.05,3.05,3.05,3.05,000,3.05
2011-03-17,3.05,3.05,3.05,3.05,000,3.05
2011-03-16,3.05,3.05,3.05,3.05,000,3.05
2011-03-15,3.07,3.07,3.07,3.07,000,3.07
2011-03-14,3.04,3.04,3.04,3.04,000,3.04
2011-03-11,3.03,3.03,3.03,3.03,000,3.03
2011-03-10,3.04,3.04,3.04,3.04,000,3.04
2011-03-09,3.03,3.03,3.03,3.03,000,3.03
2011-03-08,3.04,3.04,3.04,3.04,000,3.04
2011-03-07,3.03,3.03,3.03,3.03,000,3.03
2011-03-04,3.03,3.03,3.03,3.03,000,3.03
2011-03-03,3.03,3.03,3.03,3.03,000,3.03
2011-03-02,3.04,3.04,3.04,3.04,000,3.04
2011-03-01,3.04,3.04,3.04,3.04,000,3.04
2011-02-28,3.05,3.05,3.05,3.05,000,3.05
2011-02-25,3.05,3.05,3.05,3.05,000,3.05
2011-02-24,3.06,3.06,3.06,3.06,000,3.06
2011-02-23,3.05,3.05,3.05,3.05,000,3.05
2011-02-22,3.04,3.04,3.04,3.04,000,3.04
2011-02-21,3.03,3.03,3.03,3.03,000,3.03
2011-02-18,3.03,3.03,3.03,3.03,000,3.03
2011-02-17,3.05,3.05,3.05,3.05,000,3.05
2011-02-16,3.05,3.05,3.05,3.05,000,3.05
2011-02-15,3.05,3.05,3.05,3.05,000,3.05
2011-02-14,3.05,3.05,3.05,3.05,000,3.05
2011-02-11,3.05,3.05,3.05,3.05,000,3.05
2011-02-10,3.04,3.04,3.04,3.04,000,3.04
2011-02-09,3.03,3.03,3.03,3.03,000,3.03
2011-02-08,3.03,3.03,3.03,3.03,000,3.03
2011-02-07,3.04,3.04,3.04,3.04,000,3.04
2011-02-04,3.03,3.03,3.03,3.03,000,3.03
2011-02-03,3.04,3.04,3.04,3.04,000,3.04
2011-02-02,3.05,3.05,3.05,3.05,000,3.05
2011-02-01,3.05,3.05,3.05,3.05,000,3.05
2011-01-31,3.05,3.05,3.05,3.05,000,3.05
2011-01-28,3.06,3.06,3.06,3.06,000,3.06
2011-01-27,3.05,3.05,3.05,3.05,000,3.05
2011-01-26,3.05,3.05,3.05,3.05,000,3.05
2011-01-25,3.05,3.05,3.05,3.05,000,3.05
2011-01-24,3.05,3.05,3.05,3.05,000,3.05
2011-01-21,3.06,3.06,3.06,3.06,000,3.06
2011-01-20,3.06,3.06,3.06,3.06,000,3.06
2011-01-19,3.06,3.06,3.06,3.06,000,3.06
2011-01-18,3.06,3.06,3.06,3.06,000,3.06
2011-01-17,3.06,3.06,3.06,3.06,000,3.06
2011-01-14,3.06,3.06,3.06,3.06,000,3.06
2011-01-13,3.05,3.05,3.05,3.05,000,3.05
2011-01-12,3.07,3.07,3.07,3.07,000,3.07
2011-01-11,3.07,3.07,3.07,3.07,000,3.07
2011-01-10,3.08,3.08,3.08,3.08,000,3.08
2011-01-07,3.07,3.07,3.07,3.07,000,3.07
2011-01-06,3.07,3.07,3.07,3.07,000,3.07
2011-01-05,3.07,3.07,3.07,3.07,000,3.07
2011-01-04,3.07,3.07,3.07,3.07,000,3.07
2011-01-03,3.06,3.06,3.06,3.06,000,3.06
2010-12-31,3.07,3.07,3.07,3.07,000,3.07
2010-12-30,3.08,3.08,3.08,3.08,000,3.08
2010-12-29,3.08,3.08,3.08,3.08,000,3.08
2010-12-28,3.09,3.09,3.09,3.09,000,3.09
2010-12-27,3.09,3.09,3.09,3.09,000,3.09
2010-12-24,3.09,3.09,3.09,3.09,000,3.09
2010-12-23,3.13,3.13,3.13,3.13,000,3.13
2010-12-22,3.14,3.14,3.14,3.14,000,3.14
2010-12-21,3.13,3.13,3.13,3.13,000,3.13
2010-12-20,3.14,3.14,3.14,3.14,000,3.14
2010-12-17,3.14,3.14,3.14,3.14,000,3.14
2010-12-16,3.13,3.13,3.13,3.13,000,3.13
2010-12-15,3.14,3.14,3.14,3.14,000,3.14
2010-12-14,3.13,3.13,3.13,3.13,000,3.13
2010-12-13,3.13,3.13,3.13,3.13,000,3.13
2010-12-10,3.13,3.13,3.13,3.13,000,3.13
2010-12-09,3.14,3.14,3.14,3.14,000,3.14
2010-12-08,3.14,3.14,3.14,3.14,000,3.14
2010-12-07,3.14,3.14,3.14,3.14,000,3.14
2010-12-06,3.14,3.14,3.14,3.14,000,3.14
2010-12-03,3.13,3.13,3.13,3.13,000,3.13
2010-12-02,3.14,3.14,3.14,3.14,000,3.14
2010-12-01,3.14,3.14,3.14,3.14,000,3.14
2010-11-30,3.16,3.16,3.16,3.16,000,3.16
2010-11-29,3.16,3.16,3.16,3.16,000,3.16
2010-11-26,3.16,3.16,3.16,3.16,000,3.16
2010-11-25,3.13,3.13,3.13,3.13,000,3.13
2010-11-24,3.14,3.14,3.14,3.14,000,3.14
2010-11-23,3.15,3.15,3.15,3.15,000,3.15
2010-11-22,3.11,3.11,3.11,3.11,000,3.11
2010-11-19,3.12,3.12,3.12,3.12,000,3.12
2010-11-18,3.12,3.12,3.12,3.12,000,3.12
2010-11-17,3.16,3.16,3.16,3.16,000,3.16
2010-11-16,3.15,3.15,3.15,3.15,000,3.15
2010-11-15,3.14,3.14,3.14,3.14,000,3.14
2010-11-12,3.12,3.12,3.12,3.12,000,3.12
2010-11-11,3.10,3.10,3.10,3.10,000,3.10
2010-11-10,3.09,3.09,3.09,3.09,000,3.09
2010-11-09,3.10,3.10,3.10,3.10,000,3.10
2010-11-08,3.10,3.10,3.10,3.10,000,3.10
2010-11-05,3.09,3.09,3.09,3.09,000,3.09
2010-11-04,3.08,3.08,3.08,3.08,000,3.08
2010-11-03,3.08,3.08,3.08,3.08,000,3.08
2010-11-02,3.08,3.08,3.08,3.08,000,3.08
2010-11-01,3.10,3.10,3.10,3.10,000,3.10
2010-10-29,3.10,3.10,3.10,3.10,000,3.10
2010-10-28,3.10,3.10,3.10,3.10,000,3.10
2010-10-27,3.11,3.11,3.11,3.11,000,3.11
2010-10-26,3.11,3.11,3.11,3.11,000,3.11
2010-10-25,3.09,3.09,3.09,3.09,000,3.09
2010-10-22,3.11,3.11,3.11,3.11,000,3.11
2010-10-21,3.12,3.12,3.12,3.12,000,3.12
2010-10-20,3.11,3.11,3.11,3.11,000,3.11
2010-10-19,3.13,3.13,3.13,3.13,000,3.13
2010-10-18,3.09,3.09,3.09,3.09,000,3.09
2010-10-15,3.09,3.09,3.09,3.09,000,3.09
2010-10-14,3.08,3.08,3.08,3.08,000,3.08
2010-10-13,3.09,3.09,3.09,3.09,000,3.09
2010-10-12,3.10,3.10,3.10,3.10,000,3.10
2010-10-11,3.10,3.10,3.10,3.10,000,3.10
2010-10-08,3.11,3.11,3.11,3.11,000,3.11
2010-10-07,3.09,3.09,3.09,3.09,000,3.09
2010-10-06,3.10,3.10,3.10,3.10,000,3.10
2010-10-05,3.09,3.09,3.09,3.09,000,3.09
2010-10-04,3.10,3.10,3.10,3.10,000,3.10
2010-10-01,3.08,3.08,3.08,3.08,000,3.08
2010-09-30,3.08,3.08,3.08,3.08,000,3.08
2010-09-29,3.08,3.08,3.08,3.08,000,3.08
2010-09-28,3.09,3.09,3.09,3.09,000,3.09
2010-09-27,3.09,3.09,3.09,3.09,000,3.09
2010-09-24,3.09,3.09,3.09,3.09,000,3.09
2010-09-23,3.10,3.10,3.10,3.10,000,3.10
2010-09-22,3.09,3.09,3.09,3.09,000,3.09
2010-09-21,3.09,3.09,3.09,3.09,000,3.09
2010-09-20,3.10,3.10,3.10,3.10,000,3.10
2010-09-17,3.10,3.10,3.10,3.10,000,3.10
2010-09-16,3.12,3.12,3.12,3.12,000,3.12
2010-09-15,3.11,3.11,3.11,3.11,000,3.11
2010-09-14,3.10,3.10,3.10,3.10,000,3.10
2010-09-13,3.10,3.10,3.10,3.10,000,3.10
2010-09-10,3.10,3.10,3.10,3.10,000,3.10
2010-09-09,3.11,3.11,3.11,3.11,000,3.11
2010-09-08,3.11,3.11,3.11,3.11,000,3.11
2010-09-07,3.12,3.12,3.12,3.12,000,3.12
2010-09-06,3.11,3.11,3.11,3.11,000,3.11
2010-09-03,3.11,3.11,3.11,3.11,000,3.11
2010-09-02,3.12,3.12,3.12,3.12,000,3.12
2010-09-01,3.12,3.12,3.12,3.12,000,3.12
2010-08-31,3.15,3.15,3.15,3.15,000,3.15
2010-08-30,3.14,3.14,3.14,3.14,000,3.14
2010-08-27,3.13,3.13,3.13,3.13,000,3.13
2010-08-26,3.14,3.14,3.14,3.14,000,3.14
2010-08-25,3.14,3.14,3.14,3.14,000,3.14
2010-08-24,3.15,3.15,3.15,3.15,000,3.15
2010-08-23,3.13,3.13,3.13,3.13,000,3.13
2010-08-20,3.13,3.13,3.13,3.13,000,3.13
2010-08-19,3.13,3.13,3.13,3.13,000,3.13
2010-08-18,3.12,3.12,3.12,3.12,000,3.12
2010-08-17,3.15,3.15,3.15,3.15,000,3.15
2010-08-16,3.17,3.17,3.17,3.17,000,3.17
2010-08-13,3.17,3.17,3.17,3.17,000,3.17
2010-08-12,3.18,3.18,3.18,3.18,000,3.18
2010-08-11,3.19,3.19,3.19,3.19,000,3.19
2010-08-10,3.15,3.15,3.15,3.15,000,3.15
2010-08-09,3.15,3.15,3.15,3.15,000,3.15
2010-08-06,3.14,3.14,3.14,3.14,000,3.14
2010-08-05,3.16,3.16,3.16,3.16,000,3.16
2010-08-04,3.17,3.17,3.17,3.17,000,3.17
2010-08-03,3.16,3.16,3.16,3.16,000,3.16
2010-08-02,3.15,3.15,3.15,3.15,000,3.15
2010-07-30,3.18,3.18,3.18,3.18,000,3.18
2010-07-29,3.18,3.18,3.18,3.18,000,3.18
2010-07-28,3.20,3.20,3.20,3.20,000,3.20
2010-07-27,3.18,3.18,3.18,3.18,000,3.18
2010-07-26,3.19,3.19,3.19,3.19,000,3.19
2010-07-23,3.21,3.21,3.21,3.21,000,3.21
2010-07-22,3.20,3.20,3.20,3.20,000,3.20
2010-07-21,3.22,3.22,3.22,3.22,000,3.22
2010-07-20,3.21,3.21,3.21,3.21,000,3.21
2010-07-19,3.23,3.23,3.23,3.23,000,3.23
2010-07-16,3.22,3.22,3.22,3.22,000,3.22
2010-07-15,3.20,3.20,3.20,3.20,000,3.20
2010-07-14,3.19,3.19,3.19,3.19,000,3.19
2010-07-13,3.19,3.19,3.19,3.19,000,3.19
2010-07-12,3.20,3.20,3.20,3.20,000,3.20
2010-07-09,3.19,3.19,3.19,3.19,000,3.19
2010-07-08,3.19,3.19,3.19,3.19,000,3.19
2010-07-07,3.20,3.20,3.20,3.20,000,3.20
2010-07-06,3.20,3.20,3.20,3.20,000,3.20
2010-07-05,3.22,3.22,3.22,3.22,000,3.22
2010-07-02,3.23,3.23,3.23,3.23,000,3.23
2010-07-01,3.24,3.24,3.24,3.24,000,3.24
2010-06-30,3.24,3.24,3.24,3.24,000,3.24
2010-06-29,3.26,3.26,3.26,3.26,000,3.26
2010-06-28,3.22,3.22,3.22,3.22,000,3.22
2010-06-25,3.23,3.23,3.23,3.23,000,3.23
2010-06-24,3.23,3.23,3.23,3.23,000,3.23
2010-06-23,3.23,3.23,3.23,3.23,000,3.23
2010-06-22,3.22,3.22,3.22,3.22,000,3.22
2010-06-21,3.20,3.20,3.20,3.20,000,3.20
2010-06-18,3.25,3.25,3.25,3.25,000,3.25
2010-06-17,3.26,3.26,3.26,3.26,000,3.26
2010-06-16,3.26,3.26,3.26,3.26,000,3.26
2010-06-15,3.24,3.24,3.24,3.24,000,3.24
2010-06-14,3.25,3.25,3.25,3.25,000,3.25
2010-06-11,3.29,3.29,3.29,3.29,000,3.29
2010-06-10,3.28,3.28,3.28,3.28,000,3.28
2010-06-09,3.32,3.32,3.32,3.32,000,3.32
2010-06-08,3.32,3.32,3.32,3.32,000,3.32
2010-06-07,3.33,3.33,3.33,3.33,000,3.33
2010-06-04,3.30,3.30,3.30,3.30,000,3.30
2010-06-03,3.29,3.29,3.29,3.29,000,3.29
2010-06-02,3.27,3.27,3.27,3.27,000,3.27
2010-06-01,3.30,3.30,3.30,3.30,000,3.30
2010-05-31,3.26,3.26,3.26,3.26,000,3.26
2010-05-27,3.25,3.25,3.25,3.25,000,3.25
2010-05-26,3.32,3.32,3.32,3.32,000,3.32
2010-05-25,3.35,3.35,3.35,3.35,000,3.35
2010-05-24,3.32,3.32,3.32,3.32,000,3.32
2010-05-21,3.32,3.32,3.32,3.32,000,3.32
2010-05-20,3.30,3.30,3.30,3.30,000,3.30
2010-05-19,3.26,3.26,3.26,3.26,000,3.26
2010-05-18,3.23,3.23,3.23,3.23,000,3.23
2010-05-17,3.23,3.23,3.23,3.23,000,3.23
2010-05-14,3.21,3.21,3.21,3.21,000,3.21
2010-05-13,3.18,3.18,3.18,3.18,000,3.18
2010-05-12,3.20,3.20,3.20,3.20,000,3.20
2010-05-11,3.21,3.21,3.21,3.21,000,3.21
2010-05-10,3.20,3.20,3.20,3.20,000,3.20
2010-05-07,3.28,3.28,3.28,3.28,000,3.28
2010-05-06,3.28,3.28,3.28,3.28,000,3.28
2010-05-05,3.26,3.26,3.26,3.26,000,3.26
2010-05-04,3.23,3.23,3.23,3.23,000,3.23
2010-05-03,3.20,3.20,3.20,3.20,000,3.20
2010-04-30,3.19,3.19,3.19,3.19,000,3.19
2010-04-29,3.18,3.18,3.18,3.18,000,3.18
2010-04-28,3.21,3.21,3.21,3.21,000,3.21
2010-04-27,3.21,3.21,3.21,3.21,000,3.21
2010-04-26,3.18,3.18,3.18,3.18,000,3.18
2010-04-23,3.18,3.18,3.18,3.18,000,3.18
2010-04-22,3.20,3.20,3.20,3.20,000,3.20
2010-04-21,3.20,3.20,3.20,3.20,000,3.20
2010-04-20,3.21,3.21,3.21,3.21,000,3.21
2010-04-19,3.22,3.22,3.22,3.22,000,3.22
2010-04-16,3.20,3.20,3.20,3.20,000,3.20
2010-04-15,3.20,3.20,3.20,3.20,000,3.20
2010-04-14,3.19,3.19,3.19,3.19,000,3.19
2010-04-13,3.22,3.22,3.22,3.22,000,3.22
2010-04-12,3.19,3.19,3.19,3.19,000,3.19
2010-04-09,3.18,3.18,3.18,3.18,000,3.18
2010-04-08,3.20,3.20,3.20,3.20,000,3.20
2010-04-07,3.21,3.21,3.21,3.21,000,3.21
2010-04-06,3.22,3.22,3.22,3.22,000,3.22
2010-04-05,3.21,3.21,3.21,3.21,000,3.21
2010-04-02,3.24,3.24,3.24,3.24,000,3.24
2010-04-01,3.24,3.24,3.24,3.24,000,3.24
2010-03-31,3.26,3.26,3.26,3.26,000,3.26
2010-03-30,3.27,3.27,3.27,3.27,000,3.27
2010-03-29,3.27,3.27,3.27,3.27,000,3.27
2010-03-26,3.31,3.31,3.31,3.31,000,3.31
2010-03-25,3.32,3.32,3.32,3.32,000,3.32
2010-03-24,3.33,3.33,3.33,3.33,000,3.33
2010-03-23,3.33,3.33,3.33,3.33,000,3.33
2010-03-22,3.33,3.33,3.33,3.33,000,3.33
2010-03-19,3.31,3.31,3.31,3.31,000,3.31
2010-03-18,3.31,3.31,3.31,3.31,000,3.31
2010-03-17,3.29,3.29,3.29,3.29,000,3.29
2010-03-16,3.31,3.31,3.31,3.31,000,3.31
2010-03-15,3.32,3.32,3.32,3.32,000,3.32
2010-03-12,3.30,3.30,3.30,3.30,000,3.30
2010-03-11,3.31,3.31,3.31,3.31,000,3.31
2010-03-10,3.34,3.34,3.34,3.34,000,3.34
2010-03-09,3.34,3.34,3.34,3.34,000,3.34
2010-03-08,3.34,3.34,3.34,3.34,000,3.34
2010-03-05,3.34,3.34,3.34,3.34,000,3.34
2010-03-04,3.36,3.36,3.36,3.36,000,3.36
2010-03-03,3.37,3.37,3.37,3.37,000,3.37
2010-03-02,3.38,3.38,3.38,3.38,000,3.38
2010-03-01,3.39,3.39,3.39,3.39,000,3.39
2010-02-26,3.39,3.39,3.39,3.39,000,3.39
2010-02-25,3.40,3.40,3.40,3.40,000,3.40
2010-02-24,3.40,3.40,3.40,3.40,000,3.40
2010-02-23,3.40,3.40,3.40,3.40,000,3.40
2010-02-22,3.40,3.40,3.40,3.40,000,3.40
2010-02-19,3.40,3.40,3.40,3.40,000,3.40
2010-02-18,3.40,3.40,3.40,3.40,000,3.40
2010-02-17,3.40,3.40,3.40,3.40,000,3.40
2010-02-16,3.41,3.41,3.41,3.41,000,3.41
2010-02-15,3.42,3.42,3.42,3.42,000,3.42
2010-02-12,3.43,3.43,3.43,3.43,000,3.43
2010-02-11,3.42,3.42,3.42,3.42,000,3.42
2010-02-10,3.44,3.44,3.44,3.44,000,3.44
2010-02-09,3.42,3.42,3.42,3.42,000,3.42
2010-02-08,3.44,3.44,3.44,3.44,000,3.44
2010-02-05,3.45,3.45,3.45,3.45,000,3.45
2010-02-04,3.46,3.46,3.46,3.46,000,3.46
2010-02-02,3.41,3.41,3.41,3.41,000,3.41
2010-02-01,3.41,3.41,3.41,3.41,000,3.41
2010-01-29,3.41,3.41,3.41,3.41,000,3.41
2010-01-28,3.41,3.41,3.41,3.41,000,3.41
2010-01-27,3.42,3.42,3.42,3.42,000,3.42
2010-01-26,3.42,3.42,3.42,3.42,000,3.42
2010-01-25,3.40,3.40,3.40,3.40,000,3.40
2010-01-22,3.42,3.42,3.42,3.42,000,3.42
2010-01-21,3.38,3.38,3.38,3.38,000,3.38
2010-01-20,3.38,3.38,3.38,3.38,000,3.38
2010-01-19,3.35,3.35,3.35,3.35,000,3.35
2010-01-18,3.34,3.34,3.34,3.34,000,3.34
2010-01-15,3.35,3.35,3.35,3.35,000,3.35
2010-01-14,3.34,3.34,3.34,3.34,000,3.34
2010-01-13,3.34,3.34,3.34,3.34,000,3.34
2010-01-12,3.34,3.34,3.34,3.34,000,3.34
2010-01-11,3.33,3.33,3.33,3.33,000,3.33
2010-01-08,3.36,3.36,3.36,3.36,000,3.36
2010-01-07,3.37,3.37,3.37,3.37,000,3.37
2010-01-06,3.37,3.37,3.37,3.37,000,3.37
2010-01-05,3.39,3.39,3.39,3.39,000,3.39
2010-01-04,3.38,3.38,3.38,3.38,000,3.38
2009-12-31,3.42,3.42,3.42,3.42,000,3.42
2009-12-30,3.43,3.43,3.43,3.43,000,3.43
2009-12-29,3.43,3.43,3.43,3.43,000,3.43
2009-12-28,3.42,3.42,3.42,3.42,000,3.42
2009-12-25,3.43,3.43,3.43,3.43,000,3.43
2009-12-24,3.43,3.43,3.43,3.43,000,3.43
2009-12-23,3.43,3.43,3.43,3.43,000,3.43
2009-12-22,3.44,3.44,3.44,3.44,000,3.44
2009-12-21,3.44,3.44,3.44,3.44,000,3.44
2009-12-18,3.44,3.44,3.44,3.44,000,3.44
2009-12-17,3.44,3.44,3.44,3.44,000,3.44
2009-12-16,3.42,3.42,3.42,3.42,000,3.42
2009-12-15,3.41,3.41,3.41,3.41,000,3.41
2009-12-14,3.41,3.41,3.41,3.41,000,3.41
2009-12-11,3.40,3.40,3.40,3.40,000,3.40
2009-12-10,3.40,3.40,3.40,3.40,000,3.40
2009-12-09,3.40,3.40,3.40,3.40,000,3.40
2009-12-07,3.40,3.40,3.40,3.40,000,3.40
2009-12-03,3.37,3.37,3.37,3.37,000,3.37
2009-12-02,3.38,3.38,3.38,3.38,000,3.38
2009-12-01,3.38,3.38,3.38,3.38,000,3.38
2009-11-30,3.39,3.39,3.39,3.39,000,3.39
2009-11-27,3.39,3.39,3.39,3.39,000,3.39
2009-11-26,3.37,3.37,3.37,3.37,000,3.37
2009-11-25,3.37,3.37,3.37,3.37,000,3.37
2009-11-24,3.39,3.39,3.39,3.39,000,3.39
2009-11-23,3.38,3.38,3.38,3.38,000,3.38
2009-11-17,3.37,3.37,3.37,3.37,000,3.37
2009-11-16,3.37,3.37,3.37,3.37,000,3.37
2009-11-13,3.38,3.38,3.38,3.38,000,3.38
2009-11-12,3.38,3.38,3.38,3.38,000,3.38
2009-11-11,3.38,3.38,3.38,3.38,000,3.38
2009-11-10,3.38,3.38,3.38,3.38,000,3.38
2009-11-09,3.38,3.38,3.38,3.38,000,3.38
2009-11-06,3.40,3.40,3.40,3.40,000,3.40
2009-11-05,3.42,3.42,3.42,3.42,000,3.42
2009-11-04,3.42,3.42,3.42,3.42,000,3.42
2009-11-03,3.43,3.43,3.43,3.43,000,3.43
2009-11-02,3.43,3.43,3.43,3.43,000,3.43
2009-10-30,3.41,3.41,3.41,3.41,000,3.41
2009-10-29,3.42,3.42,3.42,3.42,000,3.42
2009-10-28,3.43,3.43,3.43,3.43,000,3.43
2009-10-27,3.40,3.40,3.40,3.40,000,3.40
2009-10-26,3.38,3.38,3.38,3.38,000,3.38
2009-10-23,3.38,3.38,3.38,3.38,000,3.38
2009-10-22,3.40,3.40,3.40,3.40,000,3.40
2009-10-21,3.38,3.38,3.38,3.38,000,3.38
2009-10-20,3.36,3.36,3.36,3.36,000,3.36
2009-10-19,3.37,3.37,3.37,3.37,000,3.37
2009-10-16,3.37,3.37,3.37,3.37,000,3.37
2009-10-15,3.36,3.36,3.36,3.36,000,3.36
2009-10-14,3.37,3.37,3.37,3.37,000,3.37
2009-10-13,3.40,3.40,3.40,3.40,000,3.40
2009-10-12,3.40,3.40,3.40,3.40,000,3.40
2009-10-09,3.40,3.40,3.40,3.40,000,3.40
2009-10-08,3.39,3.39,3.39,3.39,000,3.39
2009-10-07,3.42,3.42,3.42,3.42,000,3.42
2009-10-06,3.43,3.43,3.43,3.43,000,3.43
2009-10-05,3.46,3.46,3.46,3.46,000,3.46
2009-10-02,3.48,3.48,3.48,3.48,000,3.48
2009-10-01,3.47,3.47,3.47,3.47,000,3.47
2009-09-30,3.46,3.46,3.46,3.46,000,3.46
2009-09-29,3.49,3.49,3.49,3.49,000,3.49
2009-09-28,3.48,3.48,3.48,3.48,000,3.48
2009-09-25,3.47,3.47,3.47,3.47,000,3.47
2009-09-24,3.46,3.46,3.46,3.46,000,3.46
2009-09-23,3.47,3.47,3.47,3.47,000,3.47
2009-09-22,3.48,3.48,3.48,3.48,000,3.48
2009-09-21,3.48,3.48,3.48,3.48,000,3.48
2009-09-18,3.48,3.48,3.48,3.48,000,3.48
2009-09-17,3.48,3.48,3.48,3.48,000,3.48
2009-09-16,3.48,3.48,3.48,3.48,000,3.48
2009-09-15,3.50,3.50,3.50,3.50,000,3.50
2009-09-14,3.51,3.51,3.51,3.51,000,3.51
2009-09-11,3.49,3.49,3.49,3.49,000,3.49
2009-09-10,3.50,3.50,3.50,3.50,000,3.50
2009-09-09,3.50,3.50,3.50,3.50,000,3.50
2009-09-08,3.50,3.50,3.50,3.50,000,3.50
2009-09-07,3.53,3.53,3.53,3.53,000,3.53
2009-09-04,3.53,3.53,3.53,3.53,000,3.53
2009-09-03,3.53,3.53,3.53,3.53,000,3.53
2009-09-02,3.54,3.54,3.54,3.54,000,3.54
2009-09-01,3.53,3.53,3.53,3.53,000,3.53
2009-08-31,3.52,3.52,3.52,3.52,000,3.52
2009-08-28,3.52,3.52,3.52,3.52,000,3.52
2009-08-27,3.53,3.53,3.53,3.53,000,3.53
2009-08-26,3.52,3.52,3.52,3.52,000,3.52
2009-08-25,3.52,3.52,3.52,3.52,000,3.52
2009-08-24,3.51,3.51,3.51,3.51,000,3.51
2009-08-21,3.52,3.52,3.52,3.52,000,3.52
2009-08-20,3.53,3.53,3.53,3.53,000,3.53
2009-08-19,3.55,3.55,3.55,3.55,000,3.55
2009-08-18,3.54,3.54,3.54,3.54,000,3.54
2009-08-17,3.54,3.54,3.54,3.54,000,3.54
2009-08-14,3.52,3.52,3.52,3.52,000,3.52
2009-08-13,3.51,3.51,3.51,3.51,000,3.51
2009-08-12,3.53,3.53,3.53,3.53,000,3.53
2009-08-11,3.51,3.51,3.51,3.51,000,3.51
2009-08-10,3.50,3.50,3.50,3.50,000,3.50
2009-08-07,3.50,3.50,3.50,3.50,000,3.50
2009-08-06,3.49,3.49,3.49,3.49,000,3.49
2009-08-05,3.50,3.50,3.50,3.50,000,3.50
2009-08-04,3.49,3.49,3.49,3.49,000,3.49
2009-08-03,3.51,3.51,3.51,3.51,000,3.51
2009-07-31,3.52,3.52,3.52,3.52,000,3.52
2009-07-30,3.53,3.53,3.53,3.53,000,3.53
2009-07-29,3.53,3.53,3.53,3.53,000,3.53
2009-07-28,3.51,3.51,3.51,3.51,000,3.51
2009-07-27,3.52,3.52,3.52,3.52,000,3.52
2009-07-24,3.53,3.53,3.53,3.53,000,3.53
2009-07-23,3.54,3.54,3.54,3.54,000,3.54
2009-07-22,3.55,3.55,3.55,3.55,000,3.55
2009-07-21,3.54,3.54,3.54,3.54,000,3.54
2009-07-20,3.54,3.54,3.54,3.54,000,3.54
2009-07-17,3.57,3.57,3.57,3.57,000,3.57
2009-07-16,3.57,3.57,3.57,3.57,000,3.57
2009-07-15,3.56,3.56,3.56,3.56,000,3.56
2009-07-14,3.59,3.59,3.59,3.59,000,3.59
2009-07-13,3.60,3.60,3.60,3.60,000,3.60
2009-07-10,3.58,3.58,3.58,3.58,000,3.58
2009-07-09,3.56,3.56,3.56,3.56,000,3.56
2009-07-08,3.56,3.56,3.56,3.56,000,3.56
2009-07-07,3.55,3.55,3.55,3.55,000,3.55
2009-07-06,3.55,3.55,3.55,3.55,000,3.55
2009-07-03,3.52,3.52,3.52,3.52,000,3.52
2009-07-02,3.52,3.52,3.52,3.52,000,3.52
2009-07-01,3.52,3.52,3.52,3.52,000,3.52
2009-06-30,3.52,3.52,3.52,3.52,000,3.52
2009-06-29,3.54,3.54,3.54,3.54,000,3.54
2009-06-26,3.53,3.53,3.53,3.53,000,3.53
2009-06-25,3.54,3.54,3.54,3.54,000,3.54
2009-06-24,3.55,3.55,3.55,3.55,000,3.55
2009-06-23,3.55,3.55,3.55,3.55,000,3.55
2009-06-22,3.54,3.54,3.54,3.54,000,3.54
2009-06-19,3.54,3.54,3.54,3.54,000,3.54
2009-06-18,3.54,3.54,3.54,3.54,000,3.54
2009-06-17,3.53,3.53,3.53,3.53,000,3.53
2009-06-16,3.52,3.52,3.52,3.52,000,3.52
2009-06-15,3.53,3.53,3.53,3.53,000,3.53
2009-06-12,3.51,3.51,3.51,3.51,000,3.51
2009-06-11,3.51,3.51,3.51,3.51,000,3.51
2009-06-10,3.50,3.50,3.50,3.50,000,3.50
2009-06-09,3.53,3.53,3.53,3.53,000,3.53
2009-06-08,3.52,3.52,3.52,3.52,000,3.52
2009-06-05,3.50,3.50,3.50,3.50,000,3.50
2009-06-04,3.49,3.49,3.49,3.49,000,3.49
2009-06-03,3.48,3.48,3.48,3.48,000,3.48
2009-06-02,3.49,3.49,3.49,3.49,000,3.49
2009-06-01,3.47,3.47,3.47,3.47,000,3.47
2009-05-29,3.49,3.49,3.49,3.49,000,3.49
2009-05-28,3.51,3.51,3.51,3.51,000,3.51
2009-05-27,3.50,3.50,3.50,3.50,000,3.50
2009-05-26,3.51,3.51,3.51,3.51,000,3.51
2009-05-25,3.49,3.49,3.49,3.49,000,3.49
2009-05-22,3.49,3.49,3.49,3.49,000,3.49
2009-05-21,3.53,3.53,3.53,3.53,000,3.53
2009-05-20,3.54,3.54,3.54,3.54,000,3.54
2009-05-19,3.53,3.53,3.53,3.53,000,3.53
2009-05-18,3.55,3.55,3.55,3.55,000,3.55
2009-05-15,3.55,3.55,3.55,3.55,000,3.55
2009-05-14,3.55,3.55,3.55,3.55,000,3.55
2009-05-13,3.53,3.53,3.53,3.53,000,3.53
2009-05-12,3.51,3.51,3.51,3.51,000,3.51
2009-05-11,3.52,3.52,3.52,3.52,000,3.52
2009-05-08,3.52,3.52,3.52,3.52,000,3.52
2009-05-07,3.52,3.52,3.52,3.52,000,3.52
2009-05-06,3.53,3.53,3.53,3.53,000,3.53
2009-05-05,3.51,3.51,3.51,3.51,000,3.51
2009-05-04,3.53,3.53,3.53,3.53,000,3.53
2009-05-01,3.56,3.56,3.56,3.56,000,3.56
2009-04-30,3.56,3.56,3.56,3.56,000,3.56
2009-04-29,3.59,3.59,3.59,3.59,000,3.59
2009-04-28,3.63,3.63,3.63,3.63,000,3.63
2009-04-27,3.60,3.60,3.60,3.60,000,3.60
2009-04-24,3.59,3.59,3.59,3.59,000,3.59
2009-04-23,3.62,3.62,3.62,3.62,000,3.62
2009-04-22,3.64,3.64,3.64,3.64,000,3.64
2009-04-21,3.64,3.64,3.64,3.64,000,3.64
2009-04-20,3.63,3.63,3.63,3.63,000,3.63
2009-04-17,3.62,3.62,3.62,3.62,000,3.62
2009-04-16,3.60,3.60,3.60,3.60,000,3.60
2009-04-15,3.60,3.60,3.60,3.60,000,3.60
2009-04-14,3.60,3.60,3.60,3.60,000,3.60
2009-04-13,3.63,3.63,3.63,3.63,000,3.63
2009-04-10,3.61,3.61,3.61,3.61,000,3.61
2009-04-09,3.61,3.61,3.61,3.61,000,3.61
2009-04-08,3.63,3.63,3.63,3.63,000,3.63
2009-04-07,3.59,3.59,3.59,3.59,000,3.59
2009-04-06,3.56,3.56,3.56,3.56,000,3.56
2009-04-03,3.58,3.58,3.58,3.58,000,3.58
2009-04-02,3.60,3.60,3.60,3.60,000,3.60
2009-04-01,3.65,3.65,3.65,3.65,000,3.65
2009-03-31,3.65,3.65,3.65,3.65,000,3.65
2009-03-30,3.65,3.65,3.65,3.65,000,3.65
2009-03-27,3.62,3.62,3.62,3.62,000,3.62
2009-03-26,3.62,3.62,3.62,3.62,000,3.62
2009-03-25,3.63,3.63,3.63,3.63,000,3.63
2009-03-24,3.63,3.63,3.63,3.63,000,3.63
2009-03-23,3.64,3.64,3.64,3.64,000,3.64
2009-03-20,3.65,3.65,3.65,3.65,000,3.65
2009-03-19,3.65,3.65,3.65,3.65,000,3.65
2009-03-18,3.68,3.68,3.68,3.68,000,3.68
2009-03-17,3.67,3.67,3.67,3.67,000,3.67
2009-03-16,3.67,3.67,3.67,3.67,000,3.67
2009-03-13,3.70,3.70,3.70,3.70,000,3.70
2009-03-12,3.69,3.69,3.69,3.69,000,3.69
2009-03-11,3.70,3.70,3.70,3.70,000,3.70
2009-03-10,3.69,3.69,3.69,3.69,000,3.69
2009-03-09,3.72,3.72,3.72,3.72,000,3.72
2009-03-06,3.72,3.72,3.72,3.72,000,3.72
2009-03-05,3.73,3.73,3.73,3.73,000,3.73
2009-03-04,3.71,3.71,3.71,3.71,000,3.71
2009-03-03,3.71,3.71,3.71,3.71,000,3.71
2009-03-02,3.73,3.73,3.73,3.73,000,3.73
2009-02-27,3.71,3.71,3.71,3.71,000,3.71
2009-02-26,3.67,3.67,3.67,3.67,000,3.67
2009-02-25,3.67,3.67,3.67,3.67,000,3.67
2009-02-24,3.66,3.66,3.66,3.66,000,3.66
2009-02-23,3.66,3.66,3.66,3.66,000,3.66
2009-02-20,3.68,3.68,3.68,3.68,000,3.68
2009-02-19,3.65,3.65,3.65,3.65,000,3.65
2009-02-18,3.66,3.66,3.66,3.66,000,3.66
2009-02-17,3.64,3.64,3.64,3.64,000,3.64
2009-02-16,3.60,3.60,3.60,3.60,000,3.60
2009-02-13,3.60,3.60,3.60,3.60,000,3.60
2009-02-12,3.62,3.62,3.62,3.62,000,3.62
2009-02-11,3.60,3.60,3.60,3.60,000,3.60
2009-02-10,3.59,3.59,3.59,3.59,000,3.59
2009-02-09,3.60,3.60,3.60,3.60,000,3.60
2009-02-06,3.60,3.60,3.60,3.60,000,3.60
2009-02-05,3.61,3.61,3.61,3.61,000,3.61
2009-02-04,3.63,3.63,3.63,3.63,000,3.63
2009-02-03,3.62,3.62,3.62,3.62,000,3.62
2009-02-02,3.62,3.62,3.62,3.62,000,3.62
2009-01-30,3.61,3.61,3.61,3.61,000,3.61
2009-01-29,3.60,3.60,3.60,3.60,000,3.60
2009-01-28,3.59,3.59,3.59,3.59,000,3.59
2009-01-27,3.63,3.63,3.63,3.63,000,3.63
2009-01-26,3.63,3.63,3.63,3.63,000,3.63
2009-01-23,3.63,3.63,3.63,3.63,000,3.63
2009-01-22,3.61,3.61,3.61,3.61,000,3.61
2009-01-21,3.62,3.62,3.62,3.62,000,3.62
2009-01-20,3.61,3.61,3.61,3.61,000,3.61
2009-01-19,3.58,3.58,3.58,3.58,000,3.58
2009-01-16,3.58,3.58,3.58,3.58,000,3.58
2009-01-15,3.59,3.59,3.59,3.59,000,3.59
2009-01-14,3.57,3.57,3.57,3.57,000,3.57
2009-01-13,3.58,3.58,3.58,3.58,000,3.58
2009-01-12,3.57,3.57,3.57,3.57,000,3.57
2009-01-09,3.54,3.54,3.54,3.54,000,3.54
2009-01-08,3.54,3.54,3.54,3.54,000,3.54
2009-01-07,3.50,3.50,3.50,3.50,000,3.50
2009-01-06,3.51,3.51,3.51,3.51,000,3.51
2009-01-05,3.50,3.50,3.50,3.50,000,3.50
2009-01-02,3.47,3.47,3.47,3.47,000,3.47
2009-01-01,3.46,3.46,3.46,3.46,000,3.46
2008-12-31,3.46,3.46,3.46,3.46,000,3.46
2008-12-30,3.48,3.48,3.48,3.48,000,3.48
2008-12-29,3.48,3.48,3.48,3.48,000,3.48
2008-12-26,3.48,3.48,3.48,3.48,000,3.48
2008-12-25,3.48,3.48,3.48,3.48,000,3.48
2008-12-24,3.48,3.48,3.48,3.48,000,3.48
2008-12-23,3.47,3.47,3.47,3.47,000,3.47
2008-12-22,3.48,3.48,3.48,3.48,000,3.48
2008-12-19,3.47,3.47,3.47,3.47,000,3.47
2008-12-18,3.53,3.53,3.53,3.53,000,3.53
2008-12-17,3.53,3.53,3.53,3.53,000,3.53
2008-12-16,3.56,3.56,3.56,3.56,000,3.56
2008-12-15,3.56,3.56,3.56,3.56,000,3.56
2008-12-12,3.58,3.58,3.58,3.58,000,3.58
2008-12-11,3.57,3.57,3.57,3.57,000,3.57
2008-12-10,3.62,3.62,3.62,3.62,000,3.62
2008-12-09,3.62,3.62,3.62,3.62,000,3.62
2008-12-08,3.64,3.64,3.64,3.64,000,3.64
2008-12-05,3.64,3.64,3.64,3.64,000,3.64
2008-12-04,3.64,3.64,3.64,3.64,000,3.64
2008-12-03,3.64,3.64,3.64,3.64,000,3.64
2008-12-02,3.64,3.64,3.64,3.64,000,3.64
2008-12-01,3.63,3.63,3.63,3.63,000,3.63
2008-11-28,3.62,3.62,3.62,3.62,000,3.62
2008-11-27,3.62,3.62,3.62,3.62,000,3.62
2008-11-26,3.62,3.62,3.62,3.62,000,3.62
2008-11-25,3.62,3.62,3.62,3.62,000,3.62
2008-11-24,3.63,3.63,3.63,3.63,000,3.63
2008-11-21,3.62,3.62,3.62,3.62,000,3.62
2008-11-20,3.62,3.62,3.62,3.62,000,3.62
2008-11-19,3.61,3.61,3.61,3.61,000,3.61
2008-11-18,3.60,3.60,3.60,3.60,000,3.60
2008-11-17,3.60,3.60,3.60,3.60,000,3.60
2008-11-14,3.60,3.60,3.60,3.60,000,3.60
2008-11-13,3.60,3.60,3.60,3.60,000,3.60
2008-11-12,3.59,3.59,3.59,3.59,000,3.59
2008-11-11,3.59,3.59,3.59,3.59,000,3.59
2008-11-10,3.55,3.55,3.55,3.55,000,3.55
2008-11-07,3.55,3.55,3.55,3.55,000,3.55
2008-11-06,3.54,3.54,3.54,3.54,000,3.54
2008-11-05,3.53,3.53,3.53,3.53,000,3.53
2008-11-04,3.53,3.53,3.53,3.53,000,3.53
2008-11-03,3.52,3.52,3.52,3.52,000,3.52
2008-10-31,3.55,3.55,3.55,3.55,000,3.55
2008-10-30,3.53,3.53,3.53,3.53,000,3.53
2008-10-29,3.58,3.58,3.58,3.58,000,3.58
2008-10-28,3.58,3.58,3.58,3.58,000,3.58
2008-10-27,3.58,3.58,3.58,3.58,000,3.58
2008-10-24,3.58,3.58,3.58,3.58,000,3.58
2008-10-23,3.57,3.57,3.57,3.57,000,3.57
2008-10-22,3.55,3.55,3.55,3.55,000,3.55
2008-10-21,3.53,3.53,3.53,3.53,000,3.53
2008-10-20,3.52,3.52,3.52,3.52,000,3.52
2008-10-17,3.53,3.53,3.53,3.53,000,3.53
2008-10-16,3.53,3.53,3.53,3.53,000,3.53
2008-10-15,3.51,3.51,3.51,3.51,000,3.51
2008-10-14,3.50,3.50,3.50,3.50,000,3.50
2008-10-13,3.50,3.50,3.50,3.50,000,3.50
2008-10-10,3.51,3.51,3.51,3.51,000,3.51
2008-10-09,3.51,3.51,3.51,3.51,000,3.51
2008-10-08,3.50,3.50,3.50,3.50,000,3.50
2008-10-07,3.49,3.49,3.49,3.49,000,3.49
2008-10-06,3.49,3.49,3.49,3.49,000,3.49
2008-10-03,3.47,3.47,3.47,3.47,000,3.47
2008-10-02,3.45,3.45,3.45,3.45,000,3.45
2008-10-01,3.44,3.44,3.44,3.44,000,3.44
2008-09-30,3.44,3.44,3.44,3.44,000,3.44
2008-09-29,3.45,3.45,3.45,3.45,000,3.45
2008-09-26,3.44,3.44,3.44,3.44,000,3.44
2008-09-25,3.43,3.43,3.43,3.43,000,3.43
2008-09-24,3.42,3.42,3.42,3.42,000,3.42
2008-09-23,3.41,3.41,3.41,3.41,000,3.41
2008-09-22,3.42,3.42,3.42,3.42,000,3.42
2008-09-19,3.46,3.46,3.46,3.46,000,3.46
2008-09-18,3.47,3.47,3.47,3.47,000,3.47
2008-09-17,3.46,3.46,3.46,3.46,000,3.46
2008-09-16,3.46,3.46,3.46,3.46,000,3.46
2008-09-15,3.46,3.46,3.46,3.46,000,3.46
2008-09-12,3.45,3.45,3.45,3.45,000,3.45
2008-09-11,3.47,3.47,3.47,3.47,000,3.47
2008-09-10,3.46,3.46,3.46,3.46,000,3.46
2008-09-09,3.45,3.45,3.45,3.45,000,3.45
2008-09-08,3.44,3.44,3.44,3.44,000,3.44
2008-09-05,3.46,3.46,3.46,3.46,000,3.46
2008-09-04,3.43,3.43,3.43,3.43,000,3.43
2008-09-03,3.44,3.44,3.44,3.44,000,3.44
2008-09-02,3.43,3.43,3.43,3.43,000,3.43
2008-09-01,3.39,3.39,3.39,3.39,000,3.39
2008-08-29,3.39,3.39,3.39,3.39,000,3.39
2008-08-28,3.39,3.39,3.39,3.39,000,3.39
2008-08-27,3.38,3.38,3.38,3.38,000,3.38
2008-08-26,3.39,3.39,3.39,3.39,000,3.39
2008-08-25,3.38,3.38,3.38,3.38,000,3.38
2008-08-22,3.34,3.34,3.34,3.34,000,3.34
2008-08-21,3.34,3.34,3.34,3.34,000,3.34
2008-08-20,3.33,3.33,3.33,3.33,000,3.33
2008-08-19,3.33,3.33,3.33,3.33,000,3.33
2008-08-18,3.33,3.33,3.33,3.33,000,3.33
2008-08-15,3.35,3.35,3.35,3.35,000,3.35
2008-08-14,3.33,3.33,3.33,3.33,000,3.33
2008-08-13,3.32,3.32,3.32,3.32,000,3.32
2008-08-12,3.33,3.33,3.33,3.33,000,3.33
2008-08-11,3.32,3.32,3.32,3.32,000,3.32
2008-08-08,3.30,3.30,3.30,3.30,000,3.30
2008-08-07,3.29,3.29,3.29,3.29,000,3.29
2008-08-06,3.28,3.28,3.28,3.28,000,3.28
2008-08-05,3.27,3.27,3.27,3.27,000,3.27
2008-08-04,3.27,3.27,3.27,3.27,000,3.27
2008-08-01,3.26,3.26,3.26,3.26,000,3.26
2008-07-31,3.26,3.26,3.26,3.26,000,3.26
2008-07-30,3.26,3.26,3.26,3.26,000,3.26
2008-07-29,3.26,3.26,3.26,3.26,000,3.26
2008-07-28,3.27,3.27,3.27,3.27,000,3.27
2008-07-25,3.25,3.25,3.25,3.25,000,3.25
2008-07-24,3.25,3.25,3.25,3.25,000,3.25
2008-07-23,3.24,3.24,3.24,3.24,000,3.24
2008-07-22,3.24,3.24,3.24,3.24,000,3.24
2008-07-21,3.24,3.24,3.24,3.24,000,3.24
2008-07-18,3.24,3.24,3.24,3.24,000,3.24
2008-07-17,3.23,3.23,3.23,3.23,000,3.23
2008-07-16,3.23,3.23,3.23,3.23,000,3.23
2008-07-15,3.22,3.22,3.22,3.22,000,3.22
2008-07-14,3.23,3.23,3.23,3.23,000,3.23
2008-07-11,3.24,3.24,3.24,3.24,000,3.24
2008-07-10,3.25,3.25,3.25,3.25,000,3.25
2008-07-09,3.24,3.24,3.24,3.24,000,3.24
2008-07-08,3.26,3.26,3.26,3.26,000,3.26
2008-07-07,3.27,3.27,3.27,3.27,000,3.27
2008-07-04,3.27,3.27,3.27,3.27,000,3.27
2008-07-03,3.27,3.27,3.27,3.27,000,3.27
2008-07-02,3.27,3.27,3.27,3.27,000,3.27
2008-07-01,3.27,3.27,3.27,3.27,000,3.27
2008-06-30,3.27,3.27,3.27,3.27,000,3.27
2008-06-27,3.26,3.26,3.26,3.26,000,3.26
2008-06-26,3.25,3.25,3.25,3.25,000,3.25
2008-06-25,3.26,3.26,3.26,3.26,000,3.26
2008-06-24,3.26,3.26,3.26,3.26,000,3.26
2008-06-23,3.26,3.26,3.26,3.26,000,3.26
2008-06-20,3.26,3.26,3.26,3.26,000,3.26
2008-06-19,3.26,3.26,3.26,3.26,000,3.26
2008-06-18,3.26,3.26,3.26,3.26,000,3.26
2008-06-17,3.24,3.24,3.24,3.24,000,3.24
2008-06-16,3.27,3.27,3.27,3.27,000,3.27
2008-06-13,3.28,3.28,3.28,3.28,000,3.28
2008-06-12,3.28,3.28,3.28,3.28,000,3.28
2008-06-11,3.27,3.27,3.27,3.27,000,3.27
2008-06-10,3.27,3.27,3.27,3.27,000,3.27
2008-06-09,3.26,3.26,3.26,3.26,000,3.26
2008-06-06,3.26,3.26,3.26,3.26,000,3.26
2008-06-05,3.26,3.26,3.26,3.26,000,3.26
2008-06-04,3.24,3.24,3.24,3.24,000,3.24
2008-06-03,3.22,3.22,3.22,3.22,000,3.22
2008-06-02,3.22,3.22,3.22,3.22,000,3.22
2008-05-30,3.24,3.24,3.24,3.24,000,3.24
2008-05-29,3.25,3.25,3.25,3.25,000,3.25
2008-05-28,3.24,3.24,3.24,3.24,000,3.24
2008-05-27,3.24,3.24,3.24,3.24,000,3.24
2008-05-23,3.21,3.21,3.21,3.21,000,3.21
2008-05-22,3.21,3.21,3.21,3.21,000,3.21
2008-05-21,3.22,3.22,3.22,3.22,000,3.22
2008-05-20,3.25,3.25,3.25,3.25,000,3.25
2008-05-19,3.24,3.24,3.24,3.24,000,3.24
2008-05-16,3.24,3.24,3.24,3.24,000,3.24
2008-05-15,3.28,3.28,3.28,3.28,000,3.28
2008-05-14,3.27,3.27,3.27,3.27,000,3.27
2008-05-13,3.21,3.21,3.21,3.21,000,3.21
2008-05-12,3.22,3.22,3.22,3.22,000,3.22
2008-05-09,3.20,3.20,3.20,3.20,000,3.20
2008-05-08,3.22,3.22,3.22,3.22,000,3.22
2008-05-07,3.17,3.17,3.17,3.17,000,3.17
2008-05-06,3.15,3.15,3.15,3.15,000,3.15
2008-05-05,3.16,3.16,3.16,3.16,000,3.16
2008-05-02,3.16,3.16,3.16,3.16,000,3.16
2008-05-01,3.16,3.16,3.16,3.16,000,3.16
2008-04-30,3.16,3.16,3.16,3.16,000,3.16
2008-04-29,3.15,3.15,3.15,3.15,000,3.15
2008-04-28,3.16,3.16,3.16,3.16,000,3.16
2008-04-25,3.16,3.16,3.16,3.16,000,3.16
2008-04-24,3.14,3.14,3.14,3.14,000,3.14
2008-04-23,3.13,3.13,3.13,3.13,000,3.13
2008-04-22,3.14,3.14,3.14,3.14,000,3.14
2008-04-21,3.14,3.14,3.14,3.14,000,3.14
2008-04-18,3.14,3.14,3.14,3.14,000,3.14
2008-04-17,3.15,3.15,3.15,3.15,000,3.15
2008-04-16,3.15,3.15,3.15,3.15,000,3.15
2008-04-15,3.17,3.17,3.17,3.17,000,3.17
2008-04-14,3.16,3.16,3.16,3.16,000,3.16
2008-04-11,3.15,3.15,3.15,3.15,000,3.15
2008-04-10,3.15,3.15,3.15,3.15,000,3.15
2008-04-09,3.18,3.18,3.18,3.18,000,3.18
2008-04-08,3.19,3.19,3.19,3.19,000,3.19
2008-04-07,3.19,3.19,3.19,3.19,000,3.19
2008-04-04,3.19,3.19,3.19,3.19,000,3.19
2008-04-03,3.19,3.19,3.19,3.19,000,3.19
2008-04-02,3.19,3.19,3.19,3.19,000,3.19
2008-04-01,3.19,3.19,3.19,3.19,000,3.19
2008-03-31,3.20,3.20,3.20,3.20,000,3.20
2008-03-28,3.20,3.20,3.20,3.20,000,3.20
2008-03-27,3.21,3.21,3.21,3.21,000,3.21
2008-03-26,3.19,3.19,3.19,3.19,000,3.19
2008-03-25,3.20,3.20,3.20,3.20,000,3.20
2008-03-24,3.21,3.21,3.21,3.21,000,3.21
2008-03-21,3.18,3.18,3.18,3.18,000,3.18
2008-03-20,3.18,3.18,3.18,3.18,000,3.18
2008-03-19,3.18,3.18,3.18,3.18,000,3.18
2008-03-18,3.17,3.17,3.17,3.17,000,3.17
2008-03-17,3.19,3.19,3.19,3.19,000,3.19
2008-03-14,3.16,3.16,3.16,3.16,000,3.16
2008-03-13,3.16,3.16,3.16,3.16,000,3.16
2008-03-12,3.18,3.18,3.18,3.18,000,3.18
2008-03-11,3.20,3.20,3.20,3.20,000,3.20
2008-03-10,3.20,3.20,3.20,3.20,000,3.20
2008-03-07,3.17,3.17,3.17,3.17,000,3.17
2008-03-06,3.17,3.17,3.17,3.17,000,3.17
2008-03-05,3.18,3.18,3.18,3.18,000,3.18
2008-03-04,3.18,3.18,3.18,3.18,000,3.18
2008-03-03,3.20,3.20,3.20,3.20,000,3.20
2008-02-29,3.19,3.19,3.19,3.19,000,3.19
2008-02-28,3.20,3.20,3.20,3.20,000,3.20
2008-02-27,3.20,3.20,3.20,3.20,000,3.20
2008-02-26,3.21,3.21,3.21,3.21,000,3.21
2008-02-25,3.22,3.22,3.22,3.22,000,3.22
2008-02-22,3.22,3.22,3.22,3.22,000,3.22
2008-02-21,3.22,3.22,3.22,3.22,000,3.22
2008-02-20,3.22,3.22,3.22,3.22,000,3.22
2008-02-19,3.22,3.22,3.22,3.22,000,3.22
2008-02-18,3.22,3.22,3.22,3.22,000,3.22
2008-02-15,3.22,3.22,3.22,3.22,000,3.22
2008-02-14,3.23,3.23,3.23,3.23,000,3.23
2008-02-13,3.24,3.24,3.24,3.24,000,3.24
2008-02-12,3.24,3.24,3.24,3.24,000,3.24
2008-02-11,3.24,3.24,3.24,3.24,000,3.24
2008-02-08,3.23,3.23,3.23,3.23,000,3.23
2008-02-07,3.23,3.23,3.23,3.23,000,3.23
2008-02-06,3.23,3.23,3.23,3.23,000,3.23
2008-02-05,3.23,3.23,3.23,3.23,000,3.23
2008-02-04,3.23,3.23,3.23,3.23,000,3.23
2008-02-01,3.24,3.24,3.24,3.24,000,3.24
2008-01-31,3.24,3.24,3.24,3.24,000,3.24
2008-01-30,3.23,3.23,3.23,3.23,000,3.23
2008-01-29,3.24,3.24,3.24,3.24,000,3.24
2008-01-28,3.24,3.24,3.24,3.24,000,3.24
2008-01-25,3.24,3.24,3.24,3.24,000,3.24
2008-01-24,3.27,3.27,3.27,3.27,000,3.27
2008-01-23,3.28,3.28,3.28,3.28,000,3.28
2008-01-22,3.29,3.29,3.29,3.29,000,3.29
2008-01-21,3.27,3.27,3.27,3.27,000,3.27
2008-01-18,3.27,3.27,3.27,3.27,000,3.27
2008-01-17,3.28,3.28,3.28,3.28,000,3.28
2008-01-16,3.27,3.27,3.27,3.27,000,3.27
2008-01-15,3.26,3.26,3.26,3.26,000,3.26
2008-01-14,3.26,3.26,3.26,3.26,000,3.26
2008-01-11,3.26,3.26,3.26,3.26,000,3.26
2008-01-10,3.27,3.27,3.27,3.27,000,3.27
2008-01-09,3.27,3.27,3.27,3.27,000,3.27
2008-01-08,3.27,3.27,3.27,3.27,000,3.27
2008-01-07,3.28,3.28,3.28,3.28,000,3.28
2008-01-04,3.28,3.28,3.28,3.28,000,3.28
2008-01-03,3.29,3.29,3.29,3.29,000,3.29
2008-01-02,3.31,3.31,3.31,3.31,000,3.31
2008-01-01,3.31,3.31,3.31,3.31,000,3.31
2007-12-31,3.31,3.31,3.31,3.31,000,3.31
2007-12-28,3.32,3.32,3.32,3.32,000,3.32
2007-12-27,3.33,3.33,3.33,3.33,000,3.33
2007-12-26,3.34,3.34,3.34,3.34,000,3.34
2007-12-25,3.34,3.34,3.34,3.34,000,3.34
2007-12-24,3.34,3.34,3.34,3.34,000,3.34
2007-12-21,3.35,3.35,3.35,3.35,000,3.35
2007-12-20,3.35,3.35,3.35,3.35,000,3.35
2007-12-19,3.35,3.35,3.35,3.35,000,3.35
2007-12-18,3.35,3.35,3.35,3.35,000,3.35
2007-12-17,3.34,3.34,3.34,3.34,000,3.34
2007-12-14,3.32,3.32,3.32,3.32,000,3.32
2007-12-13,3.31,3.31,3.31,3.31,000,3.31
2007-12-12,3.32,3.32,3.32,3.32,000,3.32
2007-12-11,3.31,3.31,3.31,3.31,000,3.31
2007-12-10,3.32,3.32,3.32,3.32,000,3.32
2007-12-07,3.33,3.33,3.33,3.33,000,3.33
2007-12-06,3.34,3.34,3.34,3.34,000,3.34
2007-12-05,3.34,3.34,3.34,3.34,000,3.34
2007-12-04,3.34,3.34,3.34,3.34,000,3.34
2007-11-30,3.36,3.36,3.36,3.36,000,3.36
2007-11-29,3.37,3.37,3.37,3.37,000,3.37
2007-11-28,3.38,3.38,3.38,3.38,000,3.38
2007-11-27,3.38,3.38,3.38,3.38,000,3.38
2007-11-26,3.36,3.36,3.36,3.36,000,3.36
2007-11-23,3.36,3.36,3.36,3.36,000,3.36
2007-11-22,3.38,3.38,3.38,3.38,000,3.38
2007-11-21,3.38,3.38,3.38,3.38,000,3.38
2007-11-20,3.36,3.36,3.36,3.36,000,3.36
2007-11-19,3.37,3.37,3.37,3.37,000,3.37
2007-11-16,3.38,3.38,3.38,3.38,000,3.38
2007-11-15,3.37,3.37,3.37,3.37,000,3.37
2007-11-14,3.35,3.35,3.35,3.35,000,3.35
2007-11-13,3.35,3.35,3.35,3.35,000,3.35
2007-11-12,3.34,3.34,3.34,3.34,000,3.34
2007-11-09,3.32,3.32,3.32,3.32,000,3.32
2007-11-08,3.33,3.33,3.33,3.33,000,3.33
2007-11-07,3.33,3.33,3.33,3.33,000,3.33
2007-11-06,3.34,3.34,3.34,3.34,000,3.34
2007-11-05,3.35,3.35,3.35,3.35,000,3.35
2007-11-02,3.35,3.35,3.35,3.35,000,3.35
2007-11-01,3.33,3.33,3.33,3.33,000,3.33
2007-10-31,3.34,3.34,3.34,3.34,000,3.34
2007-10-30,3.34,3.34,3.34,3.34,000,3.34
2007-10-29,3.34,3.34,3.34,3.34,000,3.34
2007-10-26,3.35,3.35,3.35,3.35,000,3.35
2007-10-25,3.36,3.36,3.36,3.36,000,3.36
2007-10-24,3.37,3.37,3.37,3.37,000,3.37
2007-10-23,3.37,3.37,3.37,3.37,000,3.37
2007-10-22,3.37,3.37,3.37,3.37,000,3.37
2007-10-19,3.36,3.36,3.36,3.36,000,3.36
2007-10-18,3.37,3.37,3.37,3.37,000,3.37
2007-10-17,3.38,3.38,3.38,3.38,000,3.38
2007-10-16,3.38,3.38,3.38,3.38,000,3.38
2007-10-15,3.37,3.37,3.37,3.37,000,3.37
2007-10-12,3.37,3.37,3.37,3.37,000,3.37
2007-10-11,3.36,3.36,3.36,3.36,000,3.36
2007-10-10,3.37,3.37,3.37,3.37,000,3.37
2007-10-09,3.40,3.40,3.40,3.40,000,3.40
2007-10-08,3.39,3.39,3.39,3.39,000,3.39
2007-10-05,3.40,3.40,3.40,3.40,000,3.40
2007-10-04,3.41,3.41,3.41,3.41,000,3.41
2007-10-03,3.41,3.41,3.41,3.41,000,3.41
2007-10-02,3.41,3.41,3.41,3.41,000,3.41
2007-10-01,3.39,3.39,3.39,3.39,000,3.39
2007-09-28,3.41,3.41,3.41,3.41,000,3.41
2007-09-27,3.42,3.42,3.42,3.42,000,3.42
2007-09-26,3.43,3.43,3.43,3.43,000,3.43
2007-09-25,3.44,3.44,3.44,3.44,000,3.44
2007-09-24,3.43,3.43,3.43,3.43,000,3.43
2007-09-21,3.44,3.44,3.44,3.44,000,3.44
2007-09-20,3.45,3.45,3.45,3.45,000,3.45
2007-09-19,3.46,3.46,3.46,3.46,000,3.46
2007-09-18,3.49,3.49,3.49,3.49,000,3.49
2007-09-17,3.49,3.49,3.49,3.49,000,3.49
2007-09-14,3.48,3.48,3.48,3.48,000,3.48
2007-09-13,3.48,3.48,3.48,3.48,000,3.48
2007-09-12,3.49,3.49,3.49,3.49,000,3.49
2007-09-11,3.51,3.51,3.51,3.51,000,3.51
2007-09-10,3.51,3.51,3.51,3.51,000,3.51
2007-09-07,3.50,3.50,3.50,3.50,000,3.50
2007-09-06,3.50,3.50,3.50,3.50,000,3.50
2007-09-05,3.51,3.51,3.51,3.51,000,3.51
2007-09-04,3.51,3.51,3.51,3.51,000,3.51
2007-09-03,3.50,3.50,3.50,3.50,000,3.50
2007-08-31,3.50,3.50,3.50,3.50,000,3.50
2007-08-30,3.50,3.50,3.50,3.50,000,3.50
2007-08-29,3.50,3.50,3.50,3.50,000,3.50
2007-08-28,3.49,3.49,3.49,3.49,000,3.49
2007-08-27,3.48,3.48,3.48,3.48,000,3.48
2007-08-24,3.49,3.49,3.49,3.49,000,3.49
2007-08-23,3.48,3.48,3.48,3.48,000,3.48
2007-08-22,3.48,3.48,3.48,3.48,000,3.48
2007-08-21,3.50,3.50,3.50,3.50,000,3.50
2007-08-20,3.49,3.49,3.49,3.49,000,3.49
2007-08-17,3.52,3.52,3.52,3.52,000,3.52
2007-08-16,3.51,3.51,3.51,3.51,000,3.51
2007-08-15,3.49,3.49,3.49,3.49,000,3.49
2007-08-14,3.48,3.48,3.48,3.48,000,3.48
2007-08-13,3.47,3.47,3.47,3.47,000,3.47
2007-08-10,3.48,3.48,3.48,3.48,000,3.48
2007-08-09,3.47,3.47,3.47,3.47,000,3.47
2007-08-08,3.46,3.46,3.46,3.46,000,3.46
2007-08-07,3.47,3.47,3.47,3.47,000,3.47
2007-08-06,3.47,3.47,3.47,3.47,000,3.47
2007-08-03,3.46,3.46,3.46,3.46,000,3.46
2007-08-02,3.47,3.47,3.47,3.47,000,3.47
2007-08-01,3.47,3.47,3.47,3.47,000,3.47
2007-07-31,3.45,3.45,3.45,3.45,000,3.45
2007-07-30,3.46,3.46,3.46,3.46,000,3.46
2007-07-27,3.46,3.46,3.46,3.46,000,3.46
2007-07-26,3.44,3.44,3.44,3.44,000,3.44
2007-07-25,3.42,3.42,3.42,3.42,000,3.42
2007-07-24,3.40,3.40,3.40,3.40,000,3.40
2007-07-23,3.41,3.41,3.41,3.41,000,3.41
2007-07-20,3.41,3.41,3.41,3.41,000,3.41
2007-07-19,3.44,3.44,3.44,3.44,000,3.44
2007-07-18,3.45,3.45,3.45,3.45,000,3.45
2007-07-17,3.44,3.44,3.44,3.44,000,3.44
2007-07-16,3.44,3.44,3.44,3.44,000,3.44
2007-07-13,3.44,3.44,3.44,3.44,000,3.44
2007-07-12,3.45,3.45,3.45,3.45,000,3.45
2007-07-11,3.45,3.45,3.45,3.45,000,3.45
2007-07-10,3.44,3.44,3.44,3.44,000,3.44
2007-07-09,3.44,3.44,3.44,3.44,000,3.44
2007-07-06,3.45,3.45,3.45,3.45,000,3.45
2007-07-05,3.45,3.45,3.45,3.45,000,3.45
2007-07-04,3.45,3.45,3.45,3.45,000,3.45
2007-07-03,3.45,3.45,3.45,3.45,000,3.45
2007-07-02,3.43,3.43,3.43,3.43,000,3.43
2007-06-29,3.45,3.45,3.45,3.45,000,3.45
2007-06-28,3.47,3.47,3.47,3.47,000,3.47
2007-06-27,3.48,3.48,3.48,3.48,000,3.48
2007-06-26,3.48,3.48,3.48,3.48,000,3.48
2007-06-25,3.47,3.47,3.47,3.47,000,3.47
2007-06-22,3.45,3.45,3.45,3.45,000,3.45
2007-06-21,3.45,3.45,3.45,3.45,000,3.45
2007-06-20,3.43,3.43,3.43,3.43,000,3.43
2007-06-19,3.44,3.44,3.44,3.44,000,3.44
2007-06-18,3.42,3.42,3.42,3.42,000,3.42
2007-06-15,3.46,3.46,3.46,3.46,000,3.46
2007-06-14,3.47,3.47,3.47,3.47,000,3.47
2007-06-13,3.47,3.47,3.47,3.47,000,3.47
2007-06-12,3.44,3.44,3.44,3.44,000,3.44
2007-06-11,3.47,3.47,3.47,3.47,000,3.47
2007-06-08,3.47,3.47,3.47,3.47,000,3.47
2007-06-07,3.42,3.42,3.42,3.42,000,3.42
2007-06-06,3.42,3.42,3.42,3.42,000,3.42
2007-06-05,3.41,3.41,3.41,3.41,000,3.41
2007-06-04,3.40,3.40,3.40,3.40,000,3.40
2007-06-01,3.40,3.40,3.40,3.40,000,3.40
2007-05-31,3.40,3.40,3.40,3.40,000,3.40
2007-05-30,3.40,3.40,3.40,3.40,000,3.40
2007-05-29,3.39,3.39,3.39,3.39,000,3.39
2007-05-28,3.39,3.39,3.39,3.39,000,3.39
2007-05-25,3.39,3.39,3.39,3.39,000,3.39
2007-05-24,3.39,3.39,3.39,3.39,000,3.39
2007-05-23,3.39,3.39,3.39,3.39,000,3.39
2007-05-22,3.39,3.39,3.39,3.39,000,3.39
2007-05-21,3.39,3.39,3.39,3.39,000,3.39
2007-05-18,3.40,3.40,3.40,3.40,000,3.40
2007-05-17,3.40,3.40,3.40,3.40,000,3.40
2007-05-16,3.40,3.40,3.40,3.40,000,3.40
2007-05-15,3.40,3.40,3.40,3.40,000,3.40
2007-05-14,3.40,3.40,3.40,3.40,000,3.40
2007-05-11,3.41,3.41,3.41,3.41,000,3.41
2007-05-10,3.40,3.40,3.40,3.40,000,3.40
2007-05-09,3.41,3.41,3.41,3.41,000,3.41
2007-05-08,3.41,3.41,3.41,3.41,000,3.41
2007-05-07,3.41,3.41,3.41,3.41,000,3.41
2007-05-04,3.42,3.42,3.42,3.42,000,3.42
2007-05-03,3.42,3.42,3.42,3.42,000,3.42
2007-05-02,3.42,3.42,3.42,3.42,000,3.42
2007-05-01,3.42,3.42,3.42,3.42,000,3.42
2007-04-30,3.42,3.42,3.42,3.42,000,3.42
2007-04-27,3.42,3.42,3.42,3.42,000,3.42
2007-04-26,3.42,3.42,3.42,3.42,000,3.42
2007-04-25,3.42,3.42,3.42,3.42,000,3.42
2007-04-24,3.42,3.42,3.42,3.42,000,3.42
2007-04-23,3.42,3.42,3.42,3.42,000,3.42
2007-04-20,3.42,3.42,3.42,3.42,000,3.42
2007-04-19,3.43,3.43,3.43,3.43,000,3.43
2007-04-18,3.43,3.43,3.43,3.43,000,3.43
2007-04-17,3.44,3.44,3.44,3.44,000,3.44
2007-04-16,3.44,3.44,3.44,3.44,000,3.44
2007-04-13,3.44,3.44,3.44,3.44,000,3.44
2007-04-12,3.45,3.45,3.45,3.45,000,3.45
2007-04-11,3.45,3.45,3.45,3.45,000,3.45
2007-04-10,3.45,3.45,3.45,3.45,000,3.45
2007-04-09,3.45,3.45,3.45,3.45,000,3.45
2007-04-06,3.45,3.45,3.45,3.45,000,3.45
2007-04-05,3.45,3.45,3.45,3.45,000,3.45
2007-04-04,3.46,3.46,3.46,3.46,000,3.46
2007-04-03,3.46,3.46,3.46,3.46,000,3.46
2007-04-02,3.46,3.46,3.46,3.46,000,3.46
2007-03-30,3.46,3.46,3.46,3.46,000,3.46
2007-03-29,3.45,3.45,3.45,3.45,000,3.45
2007-03-28,3.46,3.46,3.46,3.46,000,3.46
2007-03-27,3.45,3.45,3.45,3.45,000,3.45
2007-03-26,3.45,3.45,3.45,3.45,000,3.45
2007-03-23,3.46,3.46,3.46,3.46,000,3.46
2007-03-22,3.47,3.47,3.47,3.47,000,3.47
2007-03-21,3.47,3.47,3.47,3.47,000,3.47
2007-03-20,3.50,3.50,3.50,3.50,000,3.50
2007-03-19,3.50,3.50,3.50,3.50,000,3.50
2007-03-16,3.51,3.51,3.51,3.51,000,3.51
2007-03-15,3.51,3.51,3.51,3.51,000,3.51
2007-03-14,3.51,3.51,3.51,3.51,000,3.51
2007-03-13,3.51,3.51,3.51,3.51,000,3.51
2007-03-12,3.50,3.50,3.50,3.50,000,3.50
2007-03-09,3.50,3.50,3.50,3.50,000,3.50
2007-03-08,3.51,3.51,3.51,3.51,000,3.51
2007-03-07,3.51,3.51,3.51,3.51,000,3.51
2007-03-06,3.51,3.51,3.51,3.51,000,3.51
2007-03-05,3.52,3.52,3.52,3.52,000,3.52
2007-03-02,3.51,3.51,3.51,3.51,000,3.51
2007-03-01,3.51,3.51,3.51,3.51,000,3.51
2007-02-28,3.50,3.50,3.50,3.50,000,3.50
2007-02-27,3.50,3.50,3.50,3.50,000,3.50
2007-02-26,3.49,3.49,3.49,3.49,000,3.49
2007-02-23,3.49,3.49,3.49,3.49,000,3.49
2007-02-22,3.49,3.49,3.49,3.49,000,3.49
2007-02-21,3.49,3.49,3.49,3.49,000,3.49
2007-02-20,3.49,3.49,3.49,3.49,000,3.49
2007-02-19,3.49,3.49,3.49,3.49,000,3.49
2007-02-16,3.49,3.49,3.49,3.49,000,3.49
2007-02-15,3.50,3.50,3.50,3.50,000,3.50
2007-02-14,3.50,3.50,3.50,3.50,000,3.50
2007-02-13,3.50,3.50,3.50,3.50,000,3.50
2007-02-12,3.49,3.49,3.49,3.49,000,3.49
2007-02-09,3.49,3.49,3.49,3.49,000,3.49
2007-02-08,3.49,3.49,3.49,3.49,000,3.49
2007-02-07,3.49,3.49,3.49,3.49,000,3.49
2007-02-06,3.50,3.50,3.50,3.50,000,3.50
2007-02-05,3.50,3.50,3.50,3.50,000,3.50
2007-02-02,3.50,3.50,3.50,3.50,000,3.50
2007-02-01,3.50,3.50,3.50,3.50,000,3.50
2007-01-31,3.50,3.50,3.50,3.50,000,3.50
2007-01-30,3.50,3.50,3.50,3.50,000,3.50
2007-01-29,3.50,3.50,3.50,3.50,000,3.50
2007-01-25,3.50,3.50,3.50,3.50,000,3.50
2007-01-24,3.50,3.50,3.50,3.50,000,3.50
2007-01-23,3.50,3.50,3.50,3.50,000,3.50
2007-01-22,3.50,3.50,3.50,3.50,000,3.50
2007-01-19,3.50,3.50,3.50,3.50,000,3.50
2007-01-18,3.50,3.50,3.50,3.50,000,3.50
2007-01-17,3.50,3.50,3.50,3.50,000,3.50
2007-01-16,3.50,3.50,3.50,3.50,000,3.50
2007-01-12,3.51,3.51,3.51,3.51,000,3.51
2007-01-11,3.52,3.52,3.52,3.52,000,3.52
2007-01-10,3.52,3.52,3.52,3.52,000,3.52
2007-01-09,3.51,3.51,3.51,3.51,000,3.51
2007-01-08,3.51,3.51,3.51,3.51,000,3.51
2007-01-05,3.51,3.51,3.51,3.51,000,3.51
2007-01-04,3.52,3.52,3.52,3.52,000,3.52
2007-01-03,3.51,3.51,3.51,3.51,000,3.51
2006-12-26,3.53,3.53,3.53,3.53,000,3.53
2006-12-22,3.53,3.53,3.53,3.53,000,3.53
2006-12-21,3.54,3.54,3.54,3.54,000,3.54
2006-12-20,3.54,3.54,3.54,3.54,000,3.54
2006-12-19,3.58,3.58,3.58,3.58,000,3.58
2006-12-18,3.56,3.56,3.56,3.56,000,3.56
2006-12-15,3.55,3.55,3.55,3.55,000,3.55
2006-12-14,3.55,3.55,3.55,3.55,000,3.55
2006-12-13,3.54,3.54,3.54,3.54,000,3.54
2006-12-12,3.54,3.54,3.54,3.54,000,3.54
2006-12-11,3.56,3.56,3.56,3.56,000,3.56
2006-12-08,3.55,3.55,3.55,3.55,000,3.55
2006-12-07,3.54,3.54,3.54,3.54,000,3.54
2006-12-06,3.55,3.55,3.55,3.55,000,3.55
2006-12-05,3.56,3.56,3.56,3.56,000,3.56
2006-12-04,3.59,3.59,3.59,3.59,000,3.59
2006-12-01,3.59,3.59,3.59,3.59,000,3.59
2006-11-30,3.62,3.62,3.62,3.62,000,3.62
2006-11-29,3.63,3.63,3.63,3.63,000,3.63
2006-11-28,3.64,3.64,3.64,3.64,000,3.64
2006-11-27,3.64,3.64,3.64,3.64,000,3.64
2006-11-24,3.64,3.64,3.64,3.64,000,3.64
2006-11-23,3.65,3.65,3.65,3.65,000,3.65
2006-11-22,3.65,3.65,3.65,3.65,000,3.65
2006-11-21,3.65,3.65,3.65,3.65,000,3.65
2006-11-20,3.65,3.65,3.65,3.65,000,3.65
2006-11-17,3.65,3.65,3.65,3.65,000,3.65
2006-11-16,3.65,3.65,3.65,3.65,000,3.65
2006-11-15,3.65,3.65,3.65,3.65,000,3.65
2006-11-14,3.64,3.64,3.64,3.64,000,3.64
2006-11-13,3.64,3.64,3.64,3.64,000,3.64
2006-11-10,3.64,3.64,3.64,3.64,000,3.64
2006-11-09,3.65,3.65,3.65,3.65,000,3.65
2006-11-08,3.64,3.64,3.64,3.64,000,3.64
2006-11-07,3.65,3.65,3.65,3.65,000,3.65
2006-11-06,3.66,3.66,3.66,3.66,000,3.66
2006-11-03,3.65,3.65,3.65,3.65,000,3.65
2006-11-02,3.65,3.65,3.65,3.65,000,3.65
2006-11-01,3.65,3.65,3.65,3.65,000,3.65
2006-10-31,3.65,3.65,3.65,3.65,000,3.65
2006-10-30,3.64,3.64,3.64,3.64,000,3.64
2006-10-27,3.65,3.65,3.65,3.65,000,3.65
2006-10-26,3.67,3.67,3.67,3.67,000,3.67
2006-10-25,3.68,3.68,3.68,3.68,000,3.68
2006-10-24,3.68,3.68,3.68,3.68,000,3.68
2006-10-23,3.68,3.68,3.68,3.68,000,3.68
2006-10-20,3.68,3.68,3.68,3.68,000,3.68
2006-10-19,3.68,3.68,3.68,3.68,000,3.68
2006-10-18,3.67,3.67,3.67,3.67,000,3.67
2006-10-17,3.68,3.68,3.68,3.68,000,3.68
2006-10-16,3.68,3.68,3.68,3.68,000,3.68
2006-10-13,3.68,3.68,3.68,3.68,000,3.68
2006-10-12,3.69,3.69,3.69,3.69,000,3.69
2006-10-11,3.70,3.70,3.70,3.70,000,3.70
2006-10-09,3.69,3.69,3.69,3.69,000,3.69
2006-10-06,3.69,3.69,3.69,3.69,000,3.69
2006-10-05,3.68,3.68,3.68,3.68,000,3.68
2006-10-04,3.69,3.69,3.69,3.69,000,3.69
2006-10-03,3.67,3.67,3.67,3.67,000,3.67
2006-10-02,3.69,3.69,3.69,3.69,000,3.69
2006-09-29,3.69,3.69,3.69,3.69,000,3.69
2006-09-28,3.69,3.69,3.69,3.69,000,3.69
2006-09-27,3.68,3.68,3.68,3.68,000,3.68
2006-09-26,3.68,3.68,3.68,3.68,000,3.68
2006-09-25,3.68,3.68,3.68,3.68,000,3.68
2006-09-22,3.68,3.68,3.68,3.68,000,3.68
2006-09-21,3.67,3.67,3.67,3.67,000,3.67
2006-09-20,3.68,3.68,3.68,3.68,000,3.68
2006-09-19,3.68,3.68,3.68,3.68,000,3.68
2006-09-18,3.68,3.68,3.68,3.68,000,3.68
2006-09-15,3.67,3.67,3.67,3.67,000,3.67
2006-09-14,3.67,3.67,3.67,3.67,000,3.67
2006-09-13,3.67,3.67,3.67,3.67,000,3.67
2006-09-12,3.67,3.67,3.67,3.67,000,3.67
2006-09-11,3.67,3.67,3.67,3.67,000,3.67
2006-09-08,3.66,3.66,3.66,3.66,000,3.66
2006-09-07,3.65,3.65,3.65,3.65,000,3.65
2006-09-06,3.65,3.65,3.65,3.65,000,3.65
2006-09-05,3.64,3.64,3.64,3.64,000,3.64
2006-09-04,3.67,3.67,3.67,3.67,000,3.67
2006-09-01,3.67,3.67,3.67,3.67,000,3.67
2006-08-31,3.68,3.68,3.68,3.68,000,3.68
2006-08-30,3.68,3.68,3.68,3.68,000,3.68
2006-08-29,3.67,3.67,3.67,3.67,000,3.67
2006-08-28,3.68,3.68,3.68,3.68,000,3.68
2006-08-25,3.68,3.68,3.68,3.68,000,3.68
2006-08-24,3.68,3.68,3.68,3.68,000,3.68
2006-08-23,3.67,3.67,3.67,3.67,000,3.67
2006-08-22,3.67,3.67,3.67,3.67,000,3.67
2006-08-21,3.67,3.67,3.67,3.67,000,3.67
2006-08-18,3.67,3.67,3.67,3.67,000,3.67
2006-08-17,3.67,3.67,3.67,3.67,000,3.67
2006-08-16,3.68,3.68,3.68,3.68,000,3.68
2006-08-15,3.68,3.68,3.68,3.68,000,3.68
2006-08-14,3.68,3.68,3.68,3.68,000,3.68
2006-08-11,3.67,3.67,3.67,3.67,000,3.67
2006-08-10,3.66,3.66,3.66,3.66,000,3.66
2006-08-09,3.66,3.66,3.66,3.66,000,3.66
2006-08-08,3.66,3.66,3.66,3.66,000,3.66
2006-08-07,3.66,3.66,3.66,3.66,000,3.66
2006-08-04,3.67,3.67,3.67,3.67,000,3.67
2006-08-03,3.68,3.68,3.68,3.68,000,3.68
2006-08-02,3.67,3.67,3.67,3.67,000,3.67
2006-08-01,3.67,3.67,3.67,3.67,000,3.67
2006-07-31,3.66,3.66,3.66,3.66,000,3.66
2006-07-28,3.67,3.67,3.67,3.67,000,3.67
2006-07-27,3.67,3.67,3.67,3.67,000,3.67
2006-07-26,3.68,3.68,3.68,3.68,000,3.68
2006-07-25,3.69,3.69,3.69,3.69,000,3.69
2006-07-24,3.69,3.69,3.69,3.69,000,3.69
2006-07-21,3.68,3.68,3.68,3.68,000,3.68
2006-07-20,3.68,3.68,3.68,3.68,000,3.68
2006-07-19,3.69,3.69,3.69,3.69,000,3.69
2006-07-18,3.68,3.68,3.68,3.68,000,3.68
2006-07-17,3.69,3.69,3.69,3.69,000,3.69
2006-07-14,3.67,3.67,3.67,3.67,000,3.67
2006-07-13,3.66,3.66,3.66,3.66,000,3.66
2006-07-12,3.65,3.65,3.65,3.65,000,3.65
2006-07-11,3.65,3.65,3.65,3.65,000,3.65
2006-07-10,3.64,3.64,3.64,3.64,000,3.64
2006-07-07,3.65,3.65,3.65,3.65,000,3.65
2006-07-06,3.66,3.66,3.66,3.66,000,3.66
2006-07-05,3.65,3.65,3.65,3.65,000,3.65
2006-07-04,3.66,3.66,3.66,3.66,000,3.66
2006-07-03,3.66,3.66,3.66,3.66,000,3.66
2006-06-30,3.67,3.67,3.67,3.67,000,3.67
2006-06-29,3.69,3.69,3.69,3.69,000,3.69
2006-06-28,3.68,3.68,3.68,3.68,000,3.68
2006-06-27,3.68,3.68,3.68,3.68,000,3.68
2006-06-26,3.69,3.69,3.69,3.69,000,3.69
2006-06-23,3.68,3.68,3.68,3.68,000,3.68
2006-06-22,3.65,3.65,3.65,3.65,000,3.65
2006-06-21,3.66,3.66,3.66,3.66,000,3.66
2006-06-20,3.66,3.66,3.66,3.66,000,3.66
2006-06-19,3.66,3.66,3.66,3.66,000,3.66
2006-06-16,3.64,3.64,3.64,3.64,000,3.64
2006-06-15,3.65,3.65,3.65,3.65,000,3.65
2006-06-14,3.67,3.67,3.67,3.67,000,3.67
2006-06-13,3.68,3.68,3.68,3.68,000,3.68
2006-06-12,3.67,3.67,3.67,3.67,000,3.67
2006-06-09,3.66,3.66,3.66,3.66,000,3.66
2006-06-08,3.66,3.66,3.66,3.66,000,3.66
2006-06-07,3.66,3.66,3.66,3.66,000,3.66
2006-06-06,3.64,3.64,3.64,3.64,000,3.64
2006-06-05,3.63,3.63,3.63,3.63,000,3.63
2006-06-02,3.64,3.64,3.64,3.64,000,3.64
2006-06-01,3.64,3.64,3.64,3.64,000,3.64
2006-05-31,3.63,3.63,3.63,3.63,000,3.63
2006-05-30,3.62,3.62,3.62,3.62,000,3.62
2006-05-29,3.64,3.64,3.64,3.64,000,3.64
2006-05-26,3.64,3.64,3.64,3.64,000,3.64
2006-05-25,3.65,3.65,3.65,3.65,000,3.65
2006-05-24,3.64,3.64,3.64,3.64,000,3.64
2006-05-23,3.61,3.61,3.61,3.61,000,3.61
2006-05-22,3.63,3.63,3.63,3.63,000,3.63
2006-05-19,3.62,3.62,3.62,3.62,000,3.62
2006-05-18,3.60,3.60,3.60,3.60,000,3.60
2006-05-17,3.58,3.58,3.58,3.58,000,3.58
2006-05-16,3.60,3.60,3.60,3.60,000,3.60
2006-05-15,3.61,3.61,3.61,3.61,000,3.61
2006-05-12,3.58,3.58,3.58,3.58,000,3.58
2006-05-11,3.58,3.58,3.58,3.58,000,3.58
2006-05-10,3.58,3.58,3.58,3.58,000,3.58
2006-05-09,3.59,3.59,3.59,3.59,000,3.59
2006-05-08,3.59,3.59,3.59,3.59,000,3.59
2006-05-05,3.60,3.60,3.60,3.60,000,3.60
2006-05-04,3.61,3.61,3.61,3.61,000,3.61
2006-05-03,3.61,3.61,3.61,3.61,000,3.61
2006-05-02,3.61,3.61,3.61,3.61,000,3.61
2006-04-28,3.62,3.62,3.62,3.62,000,3.62
2006-04-27,3.63,3.63,3.63,3.63,000,3.63
2006-04-26,3.64,3.64,3.64,3.64,000,3.64
2006-04-25,3.64,3.64,3.64,3.64,000,3.64
2006-04-24,3.65,3.65,3.65,3.65,000,3.65
2006-04-21,3.66,3.66,3.66,3.66,000,3.66
2006-04-20,3.66,3.66,3.66,3.66,000,3.66
2006-04-19,3.66,3.66,3.66,3.66,000,3.66
2006-04-18,3.67,3.67,3.67,3.67,000,3.67
2006-04-17,3.67,3.67,3.67,3.67,000,3.67
2006-04-14,3.67,3.67,3.67,3.67,000,3.67
2006-04-13,3.67,3.67,3.67,3.67,000,3.67
2006-04-12,3.67,3.67,3.67,3.67,000,3.67
2006-04-11,3.67,3.67,3.67,3.67,000,3.67
2006-04-10,3.67,3.67,3.67,3.67,000,3.67
2006-04-07,3.67,3.67,3.67,3.67,000,3.67
2006-04-06,3.67,3.67,3.67,3.67,000,3.67
2006-04-05,3.67,3.67,3.67,3.67,000,3.67
2006-04-04,3.68,3.68,3.68,3.68,000,3.68
2006-04-03,3.68,3.68,3.68,3.68,000,3.68
2006-03-31,3.68,3.68,3.68,3.68,000,3.68
2006-03-30,3.69,3.69,3.69,3.69,000,3.69
2006-03-29,3.69,3.69,3.69,3.69,000,3.69
2006-03-28,3.69,3.69,3.69,3.69,000,3.69
2006-03-27,3.69,3.69,3.69,3.69,000,3.69
2006-03-24,3.70,3.70,3.70,3.70,000,3.70
2006-03-23,3.69,3.69,3.69,3.69,000,3.69
2006-03-22,3.69,3.69,3.69,3.69,000,3.69
2006-03-21,3.69,3.69,3.69,3.69,000,3.69
2006-03-20,3.70,3.70,3.70,3.70,000,3.70
2006-03-17,3.70,3.70,3.70,3.70,000,3.70
2006-03-16,3.70,3.70,3.70,3.70,000,3.70
2006-03-15,3.70,3.70,3.70,3.70,000,3.70
2006-03-14,3.71,3.71,3.71,3.71,000,3.71
2006-03-13,3.72,3.72,3.72,3.72,000,3.72
2006-03-10,3.72,3.72,3.72,3.72,000,3.72
2006-03-09,3.72,3.72,3.72,3.72,000,3.72
2006-03-08,3.72,3.72,3.72,3.72,000,3.72
2006-03-07,3.71,3.71,3.71,3.71,000,3.71
2006-03-06,3.71,3.71,3.71,3.71,000,3.71
2006-03-03,3.70,3.70,3.70,3.70,000,3.70
2006-03-02,3.71,3.71,3.71,3.71,000,3.71
2006-03-01,3.71,3.71,3.71,3.71,000,3.71
2006-02-28,3.71,3.71,3.71,3.71,000,3.71
2006-02-27,3.71,3.71,3.71,3.71,000,3.71
2006-02-24,3.71,3.71,3.71,3.71,000,3.71
2006-02-23,3.71,3.71,3.71,3.71,000,3.71
2006-02-22,3.72,3.72,3.72,3.72,000,3.72
2006-02-21,3.72,3.72,3.72,3.72,000,3.72
2006-02-20,3.72,3.72,3.72,3.72,000,3.72
2006-02-17,3.72,3.72,3.72,3.72,000,3.72
2006-02-16,3.72,3.72,3.72,3.72,000,3.72
2006-02-15,3.72,3.72,3.72,3.72,000,3.72
2006-02-14,3.72,3.72,3.72,3.72,000,3.72
2006-02-13,3.72,3.72,3.72,3.72,000,3.72
2006-02-10,3.73,3.73,3.73,3.73,000,3.73
2006-02-09,3.73,3.73,3.73,3.73,000,3.73
2006-02-08,3.73,3.73,3.73,3.73,000,3.73
2006-02-07,3.73,3.73,3.73,3.73,000,3.73
2006-02-06,3.74,3.74,3.74,3.74,000,3.74
2006-02-03,3.74,3.74,3.74,3.74,000,3.74
2006-02-02,3.75,3.75,3.75,3.75,000,3.75
2006-02-01,3.75,3.75,3.75,3.75,000,3.75
2006-01-31,3.75,3.75,3.75,3.75,000,3.75
2006-01-30,3.75,3.75,3.75,3.75,000,3.75
2006-01-27,3.75,3.75,3.75,3.75,000,3.75
2006-01-26,3.74,3.74,3.74,3.74,000,3.74
2006-01-25,3.75,3.75,3.75,3.75,000,3.75
2006-01-24,3.75,3.75,3.75,3.75,000,3.75
2006-01-23,3.75,3.75,3.75,3.75,000,3.75
2006-01-20,3.74,3.74,3.74,3.74,000,3.74
2006-01-19,3.75,3.75,3.75,3.75,000,3.75
2006-01-18,3.76,3.76,3.76,3.76,000,3.76
2006-01-17,3.75,3.75,3.75,3.75,000,3.75
2006-01-16,3.74,3.74,3.74,3.74,000,3.74
2006-01-13,3.74,3.74,3.74,3.74,000,3.74
2006-01-12,3.74,3.74,3.74,3.74,000,3.74
2006-01-11,3.75,3.75,3.75,3.75,000,3.75
2006-01-10,3.75,3.75,3.75,3.75,000,3.75
2006-01-09,3.75,3.75,3.75,3.75,000,3.75
2006-01-06,3.75,3.75,3.75,3.75,000,3.75
2006-01-05,3.76,3.76,3.76,3.76,000,3.76
2006-01-04,3.77,3.77,3.77,3.77,000,3.77
2006-01-03,3.78,3.78,3.78,3.78,000,3.78
2006-01-02,3.78,3.78,3.78,3.78,000,3.78
2005-12-30,3.78,3.78,3.78,3.78,000,3.78
2005-12-29,3.78,3.78,3.78,3.78,000,3.78
2005-12-28,3.78,3.78,3.78,3.78,000,3.78
2005-12-27,3.78,3.78,3.78,3.78,000,3.78
2005-12-26,3.78,3.78,3.78,3.78,000,3.78
2005-12-23,3.78,3.78,3.78,3.78,000,3.78
2005-12-22,3.78,3.78,3.78,3.78,000,3.78
2005-12-21,3.78,3.78,3.78,3.78,000,3.78
2005-12-20,3.78,3.78,3.78,3.78,000,3.78
2005-12-19,3.78,3.78,3.78,3.78,000,3.78
2005-12-16,3.78,3.78,3.78,3.78,000,3.78
2005-12-15,3.78,3.78,3.78,3.78,000,3.78
2005-12-14,3.78,3.78,3.78,3.78,000,3.78
2005-12-13,3.78,3.78,3.78,3.78,000,3.78
2005-12-12,3.78,3.78,3.78,3.78,000,3.78
2005-12-09,3.77,3.77,3.77,3.77,000,3.77
2005-12-08,3.77,3.77,3.77,3.77,000,3.77
2005-12-07,3.78,3.78,3.78,3.78,000,3.78
2005-12-06,3.78,3.78,3.78,3.78,000,3.78
2005-12-05,3.78,3.78,3.78,3.78,000,3.78
2005-12-02,3.78,3.78,3.78,3.78,000,3.78
2005-12-01,3.78,3.78,3.78,3.78,000,3.78
2005-11-30,3.78,3.78,3.78,3.78,000,3.78
2005-11-29,3.78,3.78,3.78,3.78,000,3.78
2005-11-28,3.78,3.78,3.78,3.78,000,3.78
2005-11-25,3.78,3.78,3.78,3.78,000,3.78
2005-11-24,3.78,3.78,3.78,3.78,000,3.78
2005-11-23,3.78,3.78,3.78,3.78,000,3.78
2005-11-22,3.78,3.78,3.78,3.78,000,3.78
2005-11-21,3.78,3.78,3.78,3.78,000,3.78
2005-11-18,3.78,3.78,3.78,3.78,000,3.78
2005-11-17,3.78,3.78,3.78,3.78,000,3.78
2005-11-16,3.78,3.78,3.78,3.78,000,3.78
2005-11-15,3.78,3.78,3.78,3.78,000,3.78
2005-11-14,3.78,3.78,3.78,3.78,000,3.78
2005-11-11,3.78,3.78,3.78,3.78,000,3.78
2005-11-10,3.78,3.78,3.78,3.78,000,3.78
2005-11-09,3.78,3.78,3.78,3.78,000,3.78
2005-11-08,3.78,3.78,3.78,3.78,000,3.78
2005-11-07,3.78,3.78,3.78,3.78,000,3.78
2005-11-04,3.78,3.78,3.78,3.78,000,3.78
2005-11-03,3.78,3.78,3.78,3.78,000,3.78
2005-11-02,3.78,3.78,3.78,3.78,000,3.78
2005-11-01,3.77,3.77,3.77,3.77,000,3.77
2005-10-31,3.77,3.77,3.77,3.77,000,3.77
2005-10-28,3.77,3.77,3.77,3.77,000,3.77
2005-10-27,3.77,3.77,3.77,3.77,000,3.77
2005-10-26,3.77,3.77,3.77,3.77,000,3.77
2005-10-25,3.77,3.77,3.77,3.77,000,3.77
2005-10-24,3.77,3.77,3.77,3.77,000,3.77
2005-10-21,3.77,3.77,3.77,3.77,000,3.77
2005-10-20,3.77,3.77,3.77,3.77,000,3.77
2005-10-19,3.77,3.77,3.77,3.77,000,3.77
2005-10-18,3.77,3.77,3.77,3.77,000,3.77
2005-10-17,3.77,3.77,3.77,3.77,000,3.77
2005-10-14,3.77,3.77,3.77,3.77,000,3.77
2005-10-13,3.77,3.77,3.77,3.77,000,3.77
2005-10-12,3.77,3.77,3.77,3.77,000,3.77
2005-10-11,3.77,3.77,3.77,3.77,000,3.77
2005-10-10,3.77,3.77,3.77,3.77,000,3.77
2005-10-07,3.77,3.77,3.77,3.77,000,3.77
2005-10-06,3.77,3.77,3.77,3.77,000,3.77
2005-10-05,3.77,3.77,3.77,3.77,000,3.77
2005-10-04,3.77,3.77,3.77,3.77,000,3.77
2005-10-03,3.77,3.77,3.77,3.77,000,3.77
2005-09-30,3.77,3.77,3.77,3.77,000,3.77
2005-09-29,3.77,3.77,3.77,3.77,000,3.77
2005-09-28,3.77,3.77,3.77,3.77,000,3.77
2005-09-27,3.77,3.77,3.77,3.77,000,3.77
2005-09-26,3.77,3.77,3.77,3.77,000,3.77
2005-09-23,3.77,3.77,3.77,3.77,000,3.77
2005-09-22,3.77,3.77,3.77,3.77,000,3.77
2005-09-21,3.77,3.77,3.77,3.77,000,3.77
2005-09-20,3.77,3.77,3.77,3.77,000,3.77
2005-09-19,3.77,3.77,3.77,3.77,000,3.77
2005-09-16,3.77,3.77,3.77,3.77,000,3.77
2005-09-15,3.77,3.77,3.77,3.77,000,3.77
2005-09-14,3.77,3.77,3.77,3.77,000,3.77
2005-09-13,3.77,3.77,3.77,3.77,000,3.77
2005-09-12,3.77,3.77,3.77,3.77,000,3.77
2005-09-09,3.77,3.77,3.77,3.77,000,3.77
2005-09-08,3.77,3.77,3.77,3.77,000,3.77
2005-09-07,3.77,3.77,3.77,3.77,000,3.77
2005-09-06,3.77,3.77,3.77,3.77,000,3.77
2005-09-05,3.76,3.76,3.76,3.76,000,3.76
2005-09-02,3.76,3.76,3.76,3.76,000,3.76
2005-09-01,3.77,3.77,3.77,3.77,000,3.77
2005-08-31,3.77,3.77,3.77,3.77,000,3.77
2005-08-30,3.77,3.77,3.77,3.77,000,3.77
2005-08-29,3.77,3.77,3.77,3.77,000,3.77
2005-08-26,3.76,3.76,3.76,3.76,000,3.76
2005-08-25,3.77,3.77,3.77,3.77,000,3.77
2005-08-24,3.80,3.80,3.80,3.80,000,3.80
2005-08-23,3.80,3.80,3.80,3.80,000,3.80
2005-08-22,3.80,3.80,3.80,3.80,000,3.80
2005-08-19,3.77,3.77,3.77,3.77,000,3.77
2005-08-18,3.77,3.77,3.77,3.77,000,3.77
2005-08-17,3.77,3.77,3.77,3.77,000,3.77
2005-08-16,3.76,3.76,3.76,3.76,000,3.76
2005-08-15,3.75,3.75,3.75,3.75,000,3.75
2005-08-12,3.75,3.75,3.75,3.75,000,3.75
2005-08-11,3.75,3.75,3.75,3.75,000,3.75
2005-08-10,3.75,3.75,3.75,3.75,000,3.75
2005-08-09,3.75,3.75,3.75,3.75,000,3.75
2005-08-08,3.75,3.75,3.75,3.75,000,3.75
2005-08-05,3.75,3.75,3.75,3.75,000,3.75
2005-08-04,3.75,3.75,3.75,3.75,000,3.75
2005-08-03,3.75,3.75,3.75,3.75,000,3.75
2005-08-02,3.75,3.75,3.75,3.75,000,3.75
2005-08-01,3.75,3.75,3.75,3.75,000,3.75
2005-07-29,3.75,3.75,3.75,3.75,000,3.75
2005-07-28,3.75,3.75,3.75,3.75,000,3.75
2005-07-27,3.75,3.75,3.75,3.75,000,3.75
2005-07-26,3.75,3.75,3.75,3.75,000,3.75
2005-07-25,3.75,3.75,3.75,3.75,000,3.75
2005-07-22,3.78,3.78,3.78,3.78,000,3.78
2005-07-21,3.80,3.80,3.80,3.80,000,3.80
2005-07-20,3.80,3.80,3.80,3.80,000,3.80
2005-07-19,3.80,3.80,3.80,3.80,000,3.80
2005-07-18,3.80,3.80,3.80,3.80,000,3.80
2005-07-15,3.80,3.80,3.80,3.80,000,3.80
2005-07-14,3.80,3.80,3.80,3.80,000,3.80
2005-07-13,3.80,3.80,3.80,3.80,000,3.80
2005-07-12,3.80,3.80,3.80,3.80,000,3.80
2005-07-11,3.80,3.80,3.80,3.80,000,3.80
2005-07-08,3.80,3.80,3.80,3.80,000,3.80
2005-07-07,3.80,3.80,3.80,3.80,000,3.80
2005-07-06,3.80,3.80,3.80,3.80,000,3.80
2005-07-05,3.80,3.80,3.80,3.80,000,3.80
2005-07-04,3.80,3.80,3.80,3.80,000,3.80
2005-07-01,3.80,3.80,3.80,3.80,000,3.80
2005-06-30,3.80,3.80,3.80,3.80,000,3.80
2005-06-29,3.80,3.80,3.80,3.80,000,3.80
2005-06-28,3.80,3.80,3.80,3.80,000,3.80
2005-06-27,3.80,3.80,3.80,3.80,000,3.80
2005-06-24,3.80,3.80,3.80,3.80,000,3.80
2005-06-23,3.80,3.80,3.80,3.80,000,3.80
2005-06-22,3.80,3.80,3.80,3.80,000,3.80
2005-06-21,3.80,3.80,3.80,3.80,000,3.80
2005-06-20,3.80,3.80,3.80,3.80,000,3.80
2005-06-17,3.80,3.80,3.80,3.80,000,3.80
2005-06-16,3.80,3.80,3.80,3.80,000,3.80
2005-06-15,3.80,3.80,3.80,3.80,000,3.80
2005-06-14,3.80,3.80,3.80,3.80,000,3.80
2005-06-13,3.80,3.80,3.80,3.80,000,3.80
2005-06-10,3.80,3.80,3.80,3.80,000,3.80
2005-06-09,3.80,3.80,3.80,3.80,000,3.80
2005-06-08,3.80,3.80,3.80,3.80,000,3.80
2005-06-07,3.80,3.80,3.80,3.80,000,3.80
2005-06-06,3.80,3.80,3.80,3.80,000,3.80
2005-06-03,3.80,3.80,3.80,3.80,000,3.80
2005-06-02,3.80,3.80,3.80,3.80,000,3.80
2005-06-01,3.80,3.80,3.80,3.80,000,3.80
2005-05-31,3.80,3.80,3.80,3.80,000,3.80
2005-05-30,3.80,3.80,3.80,3.80,000,3.80
2005-05-27,3.80,3.80,3.80,3.80,000,3.80
2005-05-26,3.80,3.80,3.80,3.80,000,3.80
2005-05-25,3.80,3.80,3.80,3.80,000,3.80
2005-05-24,3.80,3.80,3.80,3.80,000,3.80
2005-05-23,3.80,3.80,3.80,3.80,000,3.80
2005-05-20,3.80,3.80,3.80,3.80,000,3.80
2005-05-19,3.80,3.80,3.80,3.80,000,3.80
2005-05-18,3.80,3.80,3.80,3.80,000,3.80
2005-05-17,3.80,3.80,3.80,3.80,000,3.80
2005-05-16,3.80,3.80,3.80,3.80,000,3.80
2005-05-13,3.80,3.80,3.80,3.80,000,3.80
2005-05-12,3.80,3.80,3.80,3.80,000,3.80
2005-05-11,3.80,3.80,3.80,3.80,000,3.80
2005-05-10,3.80,3.80,3.80,3.80,000,3.80
2005-05-09,3.80,3.80,3.80,3.80,000,3.80
2005-05-06,3.80,3.80,3.80,3.80,000,3.80
2005-05-05,3.80,3.80,3.80,3.80,000,3.80
2005-05-04,3.80,3.80,3.80,3.80,000,3.80
2005-05-03,3.80,3.80,3.80,3.80,000,3.80
2005-05-02,3.80,3.80,3.80,3.80,000,3.80
2005-04-29,3.80,3.80,3.80,3.80,000,3.80
2005-04-28,3.80,3.80,3.80,3.80,000,3.80
2005-04-27,3.80,3.80,3.80,3.80,000,3.80
2005-04-26,3.80,3.80,3.80,3.80,000,3.80
2005-04-25,3.80,3.80,3.80,3.80,000,3.80
2005-04-22,3.80,3.80,3.80,3.80,000,3.80
2005-04-21,3.80,3.80,3.80,3.80,000,3.80
2005-04-20,3.80,3.80,3.80,3.80,000,3.80
2005-04-19,3.80,3.80,3.80,3.80,000,3.80
2005-04-18,3.80,3.80,3.80,3.80,000,3.80
2005-04-14,3.80,3.80,3.80,3.80,000,3.80
2005-04-13,3.80,3.80,3.80,3.80,000,3.80
2005-04-12,3.80,3.80,3.80,3.80,000,3.80
2005-04-11,3.80,3.80,3.80,3.80,000,3.80
2005-04-08,3.80,3.80,3.80,3.80,000,3.80
2005-04-07,3.80,3.80,3.80,3.80,000,3.80
2005-04-06,3.80,3.80,3.80,3.80,000,3.80
2005-04-05,3.80,3.80,3.80,3.80,000,3.80
2005-04-04,3.80,3.80,3.80,3.80,000,3.80
2005-04-01,3.80,3.80,3.80,3.80,000,3.80
2005-03-31,3.80,3.80,3.80,3.80,000,3.80
2005-03-30,3.80,3.80,3.80,3.80,000,3.80
2005-03-29,3.80,3.80,3.80,3.80,000,3.80
2005-03-28,3.80,3.80,3.80,3.80,000,3.80
2005-03-25,3.80,3.80,3.80,3.80,000,3.80
2005-03-24,3.80,3.80,3.80,3.80,000,3.80
2005-03-23,3.80,3.80,3.80,3.80,000,3.80
2005-03-22,3.80,3.80,3.80,3.80,000,3.80
2005-03-21,3.80,3.80,3.80,3.80,000,3.80
2005-03-18,3.80,3.80,3.80,3.80,000,3.80
2005-03-17,3.80,3.80,3.80,3.80,000,3.80
2005-03-16,3.80,3.80,3.80,3.80,000,3.80
2005-03-15,3.80,3.80,3.80,3.80,000,3.80
2005-03-14,3.80,3.80,3.80,3.80,000,3.80
2005-03-11,3.80,3.80,3.80,3.80,000,3.80
2005-03-10,3.80,3.80,3.80,3.80,000,3.80
2005-03-09,3.80,3.80,3.80,3.80,000,3.80
2005-03-08,3.80,3.80,3.80,3.80,000,3.80
2005-03-07,3.80,3.80,3.80,3.80,000,3.80
2005-03-04,3.80,3.80,3.80,3.80,000,3.80
2005-03-03,3.80,3.80,3.80,3.80,000,3.80
2005-03-02,3.80,3.80,3.80,3.80,000,3.80
2005-03-01,3.80,3.80,3.80,3.80,000,3.80
2005-02-28,3.80,3.80,3.80,3.80,000,3.80
2005-02-25,3.80,3.80,3.80,3.80,000,3.80
2005-02-24,3.80,3.80,3.80,3.80,000,3.80
2005-02-23,3.80,3.80,3.80,3.80,000,3.80
2005-02-22,3.80,3.80,3.80,3.80,000,3.80
2005-02-21,3.80,3.80,3.80,3.80,000,3.80
2005-02-18,3.80,3.80,3.80,3.80,000,3.80
2005-02-17,3.80,3.80,3.80,3.80,000,3.80
2005-02-16,3.80,3.80,3.80,3.80,000,3.80
2005-02-15,3.80,3.80,3.80,3.80,000,3.80
2005-02-14,3.80,3.80,3.80,3.80,000,3.80
2005-02-11,3.80,3.80,3.80,3.80,000,3.80
2005-02-10,3.80,3.80,3.80,3.80,000,3.80
2005-02-09,3.80,3.80,3.80,3.80,000,3.80
2005-02-08,3.80,3.80,3.80,3.80,000,3.80
2005-02-07,3.80,3.80,3.80,3.80,000,3.80
2005-02-04,3.80,3.80,3.80,3.80,000,3.80
2005-02-03,3.80,3.80,3.80,3.80,000,3.80
2005-02-02,3.80,3.80,3.80,3.80,000,3.80
2005-02-01,3.80,3.80,3.80,3.80,000,3.80
2005-01-31,3.80,3.80,3.80,3.80,000,3.80
2005-01-28,3.80,3.80,3.80,3.80,000,3.80
2005-01-27,3.80,3.80,3.80,3.80,000,3.80
2005-01-26,3.80,3.80,3.80,3.80,000,3.80
2005-01-25,3.80,3.80,3.80,3.80,000,3.80
2005-01-24,3.80,3.80,3.80,3.80,000,3.80
2005-01-21,3.80,3.80,3.80,3.80,000,3.80
2005-01-20,3.80,3.80,3.80,3.80,000,3.80
2005-01-19,3.80,3.80,3.80,3.80,000,3.80
2005-01-18,3.80,3.80,3.80,3.80,000,3.80
2005-01-17,3.80,3.80,3.80,3.80,000,3.80
2005-01-14,3.80,3.80,3.80,3.80,000,3.80
2005-01-13,3.80,3.80,3.80,3.80,000,3.80
2005-01-12,3.80,3.80,3.80,3.80,000,3.80
2005-01-11,3.80,3.80,3.80,3.80,000,3.80
2005-01-10,3.80,3.80,3.80,3.80,000,3.80
2005-01-07,3.80,3.80,3.80,3.80,000,3.80
2005-01-06,3.80,3.80,3.80,3.80,000,3.80
2005-01-05,3.80,3.80,3.80,3.80,000,3.80
2005-01-04,3.80,3.80,3.80,3.80,000,3.80
2005-01-03,3.80,3.80,3.80,3.80,000,3.80
2004-12-31,3.80,3.80,3.80,3.80,000,3.80
2004-12-30,3.80,3.80,3.80,3.80,000,3.80
2004-12-29,3.80,3.80,3.80,3.80,000,3.80
2004-12-28,3.80,3.80,3.80,3.80,000,3.80
2004-12-27,3.80,3.80,3.80,3.80,000,3.80
2004-12-24,3.80,3.80,3.80,3.80,000,3.80
2004-12-23,3.80,3.80,3.80,3.80,000,3.80
2004-12-22,3.80,3.80,3.80,3.80,000,3.80
2004-12-21,3.80,3.80,3.80,3.80,000,3.80
2004-12-20,3.80,3.80,3.80,3.80,000,3.80
2004-12-17,3.80,3.80,3.80,3.80,000,3.80
2004-12-16,3.80,3.80,3.80,3.80,000,3.80
2004-12-15,3.80,3.80,3.80,3.80,000,3.80
2004-12-14,3.80,3.80,3.80,3.80,000,3.80
2004-12-13,3.80,3.80,3.80,3.80,000,3.80
2004-12-10,3.80,3.80,3.80,3.80,000,3.80
2004-12-09,3.80,3.80,3.80,3.80,000,3.80
2004-12-08,3.80,3.80,3.80,3.80,000,3.80
2004-12-07,3.80,3.80,3.80,3.80,000,3.80
2004-12-06,3.80,3.80,3.80,3.80,000,3.80
2004-12-03,3.80,3.80,3.80,3.80,000,3.80
2004-12-02,3.80,3.80,3.80,3.80,000,3.80
2004-12-01,3.80,3.80,3.80,3.80,000,3.80
2004-11-30,3.80,3.80,3.80,3.80,000,3.80
2004-11-29,3.80,3.80,3.80,3.80,000,3.80
2004-11-26,3.80,3.80,3.80,3.80,000,3.80
2004-11-25,3.80,3.80,3.80,3.80,000,3.80
2004-11-24,3.80,3.80,3.80,3.80,000,3.80
2004-11-23,3.80,3.80,3.80,3.80,000,3.80
2004-11-22,3.80,3.80,3.80,3.80,000,3.80
2004-11-19,3.80,3.80,3.80,3.80,000,3.80
2004-11-18,3.80,3.80,3.80,3.80,000,3.80
2004-11-17,3.80,3.80,3.80,3.80,000,3.80
2004-11-16,3.80,3.80,3.80,3.80,000,3.80
2004-11-15,3.80,3.80,3.80,3.80,000,3.80
2004-11-12,3.80,3.80,3.80,3.80,000,3.80
2004-11-11,3.80,3.80,3.80,3.80,000,3.80
2004-11-10,3.80,3.80,3.80,3.80,000,3.80
2004-11-09,3.80,3.80,3.80,3.80,000,3.80
2004-11-08,3.80,3.80,3.80,3.80,000,3.80
2004-11-05,3.80,3.80,3.80,3.80,000,3.80
2004-11-04,3.80,3.80,3.80,3.80,000,3.80
2004-11-03,3.80,3.80,3.80,3.80,000,3.80
2004-11-02,3.80,3.80,3.80,3.80,000,3.80
2004-11-01,3.80,3.80,3.80,3.80,000,3.80
2004-10-29,3.80,3.80,3.80,3.80,000,3.80
2004-10-28,3.80,3.80,3.80,3.80,000,3.80
2004-10-27,3.80,3.80,3.80,3.80,000,3.80
2004-10-26,3.80,3.80,3.80,3.80,000,3.80
2004-10-25,3.80,3.80,3.80,3.80,000,3.80
2004-10-22,3.80,3.80,3.80,3.80,000,3.80
2004-10-21,3.80,3.80,3.80,3.80,000,3.80
2004-10-20,3.80,3.80,3.80,3.80,000,3.80
2004-10-19,3.80,3.80,3.80,3.80,000,3.80
2004-10-18,3.80,3.80,3.80,3.80,000,3.80
2004-10-15,3.80,3.80,3.80,3.80,000,3.80
2004-10-14,3.80,3.80,3.80,3.80,000,3.80
2004-10-13,3.80,3.80,3.80,3.80,000,3.80
2004-10-12,3.80,3.80,3.80,3.80,000,3.80
2004-10-11,3.80,3.80,3.80,3.80,000,3.80
2004-10-08,3.80,3.80,3.80,3.80,000,3.80
2004-10-07,3.80,3.80,3.80,3.80,000,3.80
2004-10-06,3.80,3.80,3.80,3.80,000,3.80
2004-10-05,3.80,3.80,3.80,3.80,000,3.80
2004-10-04,3.80,3.80,3.80,3.80,000,3.80
2004-10-01,3.80,3.80,3.80,3.80,000,3.80
2004-09-30,3.80,3.80,3.80,3.80,000,3.80
2004-09-29,3.80,3.80,3.80,3.80,000,3.80
2004-09-28,3.80,3.80,3.80,3.80,000,3.80
2004-09-27,3.80,3.80,3.80,3.80,000,3.80
2004-09-24,3.80,3.80,3.80,3.80,000,3.80
2004-09-23,3.80,3.80,3.80,3.80,000,3.80
2004-09-22,3.80,3.80,3.80,3.80,000,3.80
2004-09-21,3.80,3.80,3.80,3.80,000,3.80
2004-09-20,3.80,3.80,3.80,3.80,000,3.80
2004-09-17,3.80,3.80,3.80,3.80,000,3.80
2004-09-16,3.80,3.80,3.80,3.80,000,3.80
2004-09-15,3.80,3.80,3.80,3.80,000,3.80
2004-09-14,3.80,3.80,3.80,3.80,000,3.80
2004-09-13,3.80,3.80,3.80,3.80,000,3.80
2004-09-10,3.80,3.80,3.80,3.80,000,3.80
2004-09-09,3.80,3.80,3.80,3.80,000,3.80
2004-09-08,3.80,3.80,3.80,3.80,000,3.80
2004-09-07,3.80,3.80,3.80,3.80,000,3.80
2004-09-06,3.80,3.80,3.80,3.80,000,3.80
2004-09-03,3.80,3.80,3.80,3.80,000,3.80
2004-09-02,3.80,3.80,3.80,3.80,000,3.80
2004-09-01,3.80,3.80,3.80,3.80,000,3.80
2004-08-31,3.80,3.80,3.80,3.80,000,3.80
2004-08-30,3.80,3.80,3.80,3.80,000,3.80
2004-08-27,3.80,3.80,3.80,3.80,000,3.80
2004-08-26,3.80,3.80,3.80,3.80,000,3.80
2004-08-25,3.80,3.80,3.80,3.80,000,3.80
2004-08-24,3.80,3.80,3.80,3.80,000,3.80
2004-08-23,3.80,3.80,3.80,3.80,000,3.80
2004-08-20,3.80,3.80,3.80,3.80,000,3.80
2004-08-19,3.80,3.80,3.80,3.80,000,3.80
2004-08-18,3.80,3.80,3.80,3.80,000,3.80
2004-08-17,3.80,3.80,3.80,3.80,000,3.80
2004-08-16,3.80,3.80,3.80,3.80,000,3.80
2004-08-13,3.80,3.80,3.80,3.80,000,3.80
2004-08-12,3.80,3.80,3.80,3.80,000,3.80
2004-08-11,3.80,3.80,3.80,3.80,000,3.80
2004-08-10,3.80,3.80,3.80,3.80,000,3.80
2004-08-09,3.80,3.80,3.80,3.80,000,3.80
2004-08-06,3.80,3.80,3.80,3.80,000,3.80
2004-08-05,3.80,3.80,3.80,3.80,000,3.80
2004-08-04,3.80,3.80,3.80,3.80,000,3.80
2004-08-03,3.80,3.80,3.80,3.80,000,3.80
2004-08-02,3.80,3.80,3.80,3.80,000,3.80
2004-07-30,3.80,3.80,3.80,3.80,000,3.80
2004-07-29,3.80,3.80,3.80,3.80,000,3.80
2004-07-28,3.80,3.80,3.80,3.80,000,3.80
2004-07-27,3.80,3.80,3.80,3.80,000,3.80
2004-07-26,3.80,3.80,3.80,3.80,000,3.80
2004-07-23,3.80,3.80,3.80,3.80,000,3.80
2004-07-22,3.80,3.80,3.80,3.80,000,3.80
2004-07-21,3.80,3.80,3.80,3.80,000,3.80
2004-07-20,3.80,3.80,3.80,3.80,000,3.80
2004-07-19,3.80,3.80,3.80,3.80,000,3.80
2004-07-16,3.80,3.80,3.80,3.80,000,3.80
2004-07-15,3.80,3.80,3.80,3.80,000,3.80
2004-07-14,3.80,3.80,3.80,3.80,000,3.80
2004-07-13,3.80,3.80,3.80,3.80,000,3.80
2004-07-12,3.80,3.80,3.80,3.80,000,3.80
2004-07-09,3.80,3.80,3.80,3.80,000,3.80
2004-07-08,3.80,3.80,3.80,3.80,000,3.80
2004-07-07,3.80,3.80,3.80,3.80,000,3.80
2004-07-06,3.80,3.80,3.80,3.80,000,3.80
2004-07-05,3.80,3.80,3.80,3.80,000,3.80
2004-07-02,3.80,3.80,3.80,3.80,000,3.80
2004-07-01,3.80,3.80,3.80,3.80,000,3.80
2004-06-30,3.80,3.80,3.80,3.80,000,3.80
2004-06-29,3.80,3.80,3.80,3.80,000,3.80
2004-06-28,3.80,3.80,3.80,3.80,000,3.80
2004-06-25,3.80,3.80,3.80,3.80,000,3.80
2004-06-24,3.80,3.80,3.80,3.80,000,3.80
2004-06-23,3.80,3.80,3.80,3.80,000,3.80
2004-06-22,3.80,3.80,3.80,3.80,000,3.80
2004-06-21,3.80,3.80,3.80,3.80,000,3.80
2004-06-18,3.80,3.80,3.80,3.80,000,3.80
2004-06-17,3.80,3.80,3.80,3.80,000,3.80
2004-06-16,3.80,3.80,3.80,3.80,000,3.80
2004-06-15,3.80,3.80,3.80,3.80,000,3.80
2004-06-14,3.80,3.80,3.80,3.80,000,3.80
2004-06-11,3.80,3.80,3.80,3.80,000,3.80
2004-06-10,3.80,3.80,3.80,3.80,000,3.80
2004-06-09,3.80,3.80,3.80,3.80,000,3.80
2004-06-08,3.80,3.80,3.80,3.80,000,3.80
2004-06-07,3.80,3.80,3.80,3.80,000,3.80
2004-06-04,3.80,3.80,3.80,3.80,000,3.80
2004-06-03,3.80,3.80,3.80,3.80,000,3.80
2004-06-02,3.80,3.80,3.80,3.80,000,3.80
2004-06-01,3.80,3.80,3.80,3.80,000,3.80
2004-05-31,3.80,3.80,3.80,3.80,000,3.80
2004-05-28,3.80,3.80,3.80,3.80,000,3.80
2004-05-27,3.80,3.80,3.80,3.80,000,3.80
2004-05-26,3.80,3.80,3.80,3.80,000,3.80
2004-05-25,3.80,3.80,3.80,3.80,000,3.80
2004-05-24,3.80,3.80,3.80,3.80,000,3.80
2004-05-21,3.80,3.80,3.80,3.80,000,3.80
2004-05-20,3.80,3.80,3.80,3.80,000,3.80
2004-05-19,3.80,3.80,3.80,3.80,000,3.80
2004-05-18,3.80,3.80,3.80,3.80,000,3.80
2004-05-17,3.80,3.80,3.80,3.80,000,3.80
2004-05-14,3.80,3.80,3.80,3.80,000,3.80
2004-05-13,3.80,3.80,3.80,3.80,000,3.80
2004-05-12,3.80,3.80,3.80,3.80,000,3.80
2004-05-11,3.80,3.80,3.80,3.80,000,3.80
2004-05-10,3.80,3.80,3.80,3.80,000,3.80
2004-05-07,3.80,3.80,3.80,3.80,000,3.80
2004-05-06,3.80,3.80,3.80,3.80,000,3.80
2004-05-05,3.80,3.80,3.80,3.80,000,3.80
2004-05-04,3.80,3.80,3.80,3.80,000,3.80
2004-05-03,3.80,3.80,3.80,3.80,000,3.80
2004-04-30,3.80,3.80,3.80,3.80,000,3.80
2004-04-29,3.80,3.80,3.80,3.80,000,3.80
2004-04-28,3.80,3.80,3.80,3.80,000,3.80
2004-04-27,3.80,3.80,3.80,3.80,000,3.80
2004-04-26,3.80,3.80,3.80,3.80,000,3.80
2004-04-23,3.80,3.80,3.80,3.80,000,3.80
2004-04-22,3.80,3.80,3.80,3.80,000,3.80
2004-04-21,3.80,3.80,3.80,3.80,000,3.80
2004-04-20,3.80,3.80,3.80,3.80,000,3.80
2004-04-19,3.80,3.80,3.80,3.80,000,3.80
2004-04-16,3.80,3.80,3.80,3.80,000,3.80
2004-04-15,3.80,3.80,3.80,3.80,000,3.80
2004-04-14,3.80,3.80,3.80,3.80,000,3.80
2004-04-13,3.80,3.80,3.80,3.80,000,3.80
2004-04-12,3.80,3.80,3.80,3.80,000,3.80
2004-04-09,3.80,3.80,3.80,3.80,000,3.80
2004-04-08,3.80,3.80,3.80,3.80,000,3.80
2004-04-07,3.80,3.80,3.80,3.80,000,3.80
2004-04-06,3.80,3.80,3.80,3.80,000,3.80
2004-04-05,3.80,3.80,3.80,3.80,000,3.80
2004-04-02,3.80,3.80,3.80,3.80,000,3.80
2004-04-01,3.80,3.80,3.80,3.80,000,3.80
2004-03-31,3.80,3.80,3.80,3.80,000,3.80
2004-03-30,3.80,3.80,3.80,3.80,000,3.80
2004-03-29,3.80,3.80,3.80,3.80,000,3.80
2004-03-26,3.80,3.80,3.80,3.80,000,3.80
2004-03-25,3.80,3.80,3.80,3.80,000,3.80
2004-03-24,3.80,3.80,3.80,3.80,000,3.80
2004-03-23,3.80,3.80,3.80,3.80,000,3.80
2004-03-22,3.80,3.80,3.80,3.80,000,3.80
2004-03-19,3.80,3.80,3.80,3.80,000,3.80
2004-03-18,3.80,3.80,3.80,3.80,000,3.80
2004-03-17,3.80,3.80,3.80,3.80,000,3.80
2004-03-16,3.80,3.80,3.80,3.80,000,3.80
2004-03-15,3.80,3.80,3.80,3.80,000,3.80
2004-03-12,3.80,3.80,3.80,3.80,000,3.80
2004-03-11,3.80,3.80,3.80,3.80,000,3.80
2004-03-10,3.80,3.80,3.80,3.80,000,3.80
2004-03-09,3.80,3.80,3.80,3.80,000,3.80
2004-03-08,3.80,3.80,3.80,3.80,000,3.80
2004-03-05,3.80,3.80,3.80,3.80,000,3.80
2004-03-04,3.80,3.80,3.80,3.80,000,3.80
2004-03-03,3.80,3.80,3.80,3.80,000,3.80
2004-03-02,3.80,3.80,3.80,3.80,000,3.80
2004-03-01,3.80,3.80,3.80,3.80,000,3.80
2004-02-27,3.80,3.80,3.80,3.80,000,3.80
2004-02-26,3.80,3.80,3.80,3.80,000,3.80
2004-02-25,3.80,3.80,3.80,3.80,000,3.80
2004-02-24,3.80,3.80,3.80,3.80,000,3.80
2004-02-23,3.80,3.80,3.80,3.80,000,3.80
2004-02-20,3.80,3.80,3.80,3.80,000,3.80
2004-02-19,3.80,3.80,3.80,3.80,000,3.80
2004-02-18,3.80,3.80,3.80,3.80,000,3.80
2004-02-17,3.80,3.80,3.80,3.80,000,3.80
2004-02-16,3.80,3.80,3.80,3.80,000,3.80
2004-02-13,3.80,3.80,3.80,3.80,000,3.80
2004-02-12,3.80,3.80,3.80,3.80,000,3.80
2004-02-11,3.80,3.80,3.80,3.80,000,3.80
2004-02-10,3.80,3.80,3.80,3.80,000,3.80
2004-02-09,3.80,3.80,3.80,3.80,000,3.80
2004-02-06,3.80,3.80,3.80,3.80,000,3.80
2004-02-05,3.80,3.80,3.80,3.80,000,3.80
2004-02-04,3.80,3.80,3.80,3.80,000,3.80
2004-02-03,3.80,3.80,3.80,3.80,000,3.80
2004-02-02,3.80,3.80,3.80,3.80,000,3.80
2004-01-30,3.80,3.80,3.80,3.80,000,3.80
2004-01-29,3.80,3.80,3.80,3.80,000,3.80
2004-01-28,3.80,3.80,3.80,3.80,000,3.80
2004-01-27,3.80,3.80,3.80,3.80,000,3.80
2004-01-26,3.80,3.80,3.80,3.80,000,3.80
2004-01-23,3.80,3.80,3.80,3.80,000,3.80
2004-01-22,3.80,3.80,3.80,3.80,000,3.80
2004-01-21,3.80,3.80,3.80,3.80,000,3.80
2004-01-20,3.80,3.80,3.80,3.80,000,3.80
2004-01-19,3.80,3.80,3.80,3.80,000,3.80
2004-01-16,3.80,3.80,3.80,3.80,000,3.80
2004-01-15,3.80,3.80,3.80,3.80,000,3.80
2004-01-14,3.80,3.80,3.80,3.80,000,3.80
2004-01-13,3.80,3.80,3.80,3.80,000,3.80
2004-01-12,3.80,3.80,3.80,3.80,000,3.80
2004-01-09,3.80,3.80,3.80,3.80,000,3.80
2004-01-08,3.80,3.80,3.80,3.80,000,3.80
2004-01-07,3.80,3.80,3.80,3.80,000,3.80
2004-01-06,3.80,3.80,3.80,3.80,000,3.80
2004-01-05,3.80,3.80,3.80,3.80,000,3.80
2004-01-02,3.80,3.80,3.80,3.80,000,3.80
2004-01-01,3.80,3.80,3.80,3.80,000,3.80
2003-12-31,3.80,3.80,3.80,3.80,000,3.80
2003-12-30,3.80,3.80,3.80,3.80,000,3.80
2003-12-29,3.80,3.80,3.80,3.80,000,3.80
2003-12-26,3.80,3.80,3.80,3.80,000,3.80
2003-12-25,3.80,3.80,3.80,3.80,000,3.80
2003-12-24,3.80,3.80,3.80,3.80,000,3.80
2003-12-23,3.80,3.80,3.80,3.80,000,3.80
2003-12-22,3.80,3.80,3.80,3.80,000,3.80
2003-12-19,3.80,3.80,3.80,3.80,000,3.80
2003-12-18,3.80,3.80,3.80,3.80,000,3.80
2003-12-17,3.80,3.80,3.80,3.80,000,3.80
2003-12-16,3.80,3.80,3.80,3.80,000,3.80
2003-12-15,3.80,3.80,3.80,3.80,000,3.80
2003-12-12,3.80,3.80,3.80,3.80,000,3.80
2003-12-11,3.80,3.80,3.80,3.80,000,3.80
2003-12-10,3.80,3.80,3.80,3.80,000,3.80
2003-12-09,3.80,3.80,3.80,3.80,000,3.80
2003-12-08,3.80,3.80,3.80,3.80,000,3.80
2003-12-05,3.80,3.80,3.80,3.80,000,3.80
2003-12-04,3.80,3.80,3.80,3.80,000,3.80
2003-12-03,3.80,3.80,3.80,3.80,000,3.80
2003-12-02,3.80,3.80,3.80,3.80,000,3.80
2003-12-01,3.80,3.80,3.80,3.80,000,3.80
2003-11-28,3.80,3.80,3.80,3.80,000,3.80
2003-11-27,3.80,3.80,3.80,3.80,000,3.80
2003-11-26,3.80,3.80,3.80,3.80,000,3.80
2003-11-25,3.80,3.80,3.80,3.80,000,3.80
2003-11-24,3.80,3.80,3.80,3.80,000,3.80
2003-11-21,3.80,3.80,3.80,3.80,000,3.80
2003-11-20,3.80,3.80,3.80,3.80,000,3.80
2003-11-19,3.80,3.80,3.80,3.80,000,3.80
2003-11-18,3.80,3.80,3.80,3.80,000,3.80
2003-11-17,3.80,3.80,3.80,3.80,000,3.80
2003-11-14,3.80,3.80,3.80,3.80,000,3.80
2003-11-13,3.80,3.80,3.80,3.80,000,3.80
2003-11-12,3.80,3.80,3.80,3.80,000,3.80
2003-11-11,3.80,3.80,3.80,3.80,000,3.80
2003-11-10,3.80,3.80,3.80,3.80,000,3.80
2003-11-07,3.80,3.80,3.80,3.80,000,3.80
2003-11-06,3.80,3.80,3.80,3.80,000,3.80
2003-11-05,3.80,3.80,3.80,3.80,000,3.80
2003-11-04,3.80,3.80,3.80,3.80,000,3.80
2003-11-03,3.80,3.80,3.80,3.80,000,3.80
2003-10-31,3.80,3.80,3.80,3.80,000,3.80
2003-10-30,3.80,3.80,3.80,3.80,000,3.80
2003-10-29,3.80,3.80,3.80,3.80,000,3.80
2003-10-28,3.80,3.80,3.80,3.80,000,3.80
2003-10-27,3.80,3.80,3.80,3.80,000,3.80
2003-10-24,3.80,3.80,3.80,3.80,000,3.80
2003-10-23,3.80,3.80,3.80,3.80,000,3.80
2003-10-22,3.80,3.80,3.80,3.80,000,3.80
2003-10-21,3.80,3.80,3.80,3.80,000,3.80
2003-10-20,3.80,3.80,3.80,3.80,000,3.80
2003-10-17,3.80,3.80,3.80,3.80,000,3.80
2003-10-16,3.80,3.80,3.80,3.80,000,3.80
2003-10-15,3.80,3.80,3.80,3.80,000,3.80
2003-10-14,3.80,3.80,3.80,3.80,000,3.80
2003-10-13,3.80,3.80,3.80,3.80,000,3.80
2003-10-10,3.80,3.80,3.80,3.80,000,3.80
2003-10-09,3.80,3.80,3.80,3.80,000,3.80
2003-10-08,3.80,3.80,3.80,3.80,000,3.80
2003-10-07,3.80,3.80,3.80,3.80,000,3.80
2003-10-06,3.80,3.80,3.80,3.80,000,3.80
2003-10-03,3.80,3.80,3.80,3.80,000,3.80
2003-10-02,3.80,3.80,3.80,3.80,000,3.80
2003-10-01,3.80,3.80,3.80,3.80,000,3.80
2003-09-30,3.80,3.80,3.80,3.80,000,3.80
2003-09-29,3.80,3.80,3.80,3.80,000,3.80
2003-09-26,3.80,3.80,3.80,3.80,000,3.80
2003-09-25,3.80,3.80,3.80,3.80,000,3.80
2003-09-24,3.80,3.80,3.80,3.80,000,3.80
2003-09-23,3.80,3.80,3.80,3.80,000,3.80
2003-09-22,3.80,3.80,3.80,3.80,000,3.80
2003-09-19,3.80,3.80,3.80,3.80,000,3.80
2003-09-18,3.80,3.80,3.80,3.80,000,3.80
2003-09-17,3.80,3.80,3.80,3.80,000,3.80
2003-09-16,3.80,3.80,3.80,3.80,000,3.80
2003-09-15,3.80,3.80,3.80,3.80,000,3.80
2003-09-12,3.80,3.80,3.80,3.80,000,3.80
2003-09-11,3.80,3.80,3.80,3.80,000,3.80
2003-09-10,3.80,3.80,3.80,3.80,000,3.80
2003-09-09,3.80,3.80,3.80,3.80,000,3.80
2003-09-08,3.80,3.80,3.80,3.80,000,3.80
2003-09-05,3.80,3.80,3.80,3.80,000,3.80
2003-09-04,3.80,3.80,3.80,3.80,000,3.80
2003-09-03,3.80,3.80,3.80,3.80,000,3.80
2003-09-02,3.80,3.80,3.80,3.80,000,3.80
2003-09-01,3.80,3.80,3.80,3.80,000,3.80
2003-08-29,3.80,3.80,3.80,3.80,000,3.80
2003-08-28,3.80,3.80,3.80,3.80,000,3.80
2003-08-27,3.80,3.80,3.80,3.80,000,3.80
2003-08-26,3.80,3.80,3.80,3.80,000,3.80
2003-08-25,3.80,3.80,3.80,3.80,000,3.80
2003-08-22,3.80,3.80,3.80,3.80,000,3.80
2003-08-21,3.80,3.80,3.80,3.80,000,3.80
2003-08-20,3.80,3.80,3.80,3.80,000,3.80
2003-08-19,3.80,3.80,3.80,3.80,000,3.80
2003-08-18,3.80,3.80,3.80,3.80,000,3.80
2003-08-15,3.80,3.80,3.80,3.80,000,3.80
2003-08-14,3.80,3.80,3.80,3.80,000,3.80
2003-08-13,3.80,3.80,3.80,3.80,000,3.80
2003-08-12,3.80,3.80,3.80,3.80,000,3.80
2003-08-11,3.80,3.80,3.80,3.80,000,3.80
2003-08-08,3.80,3.80,3.80,3.80,000,3.80
2003-08-07,3.80,3.80,3.80,3.80,000,3.80
2003-08-06,3.80,3.80,3.80,3.80,000,3.80
2003-08-05,3.80,3.80,3.80,3.80,000,3.80
2003-08-04,3.80,3.80,3.80,3.80,000,3.80
2003-08-01,3.80,3.80,3.80,3.80,000,3.80
2003-07-31,3.80,3.80,3.80,3.80,000,3.80
2003-07-30,3.80,3.80,3.80,3.80,000,3.80
2003-07-29,3.80,3.80,3.80,3.80,000,3.80
2003-07-28,3.80,3.80,3.80,3.80,000,3.80
2003-07-25,3.80,3.80,3.80,3.80,000,3.80
2003-07-24,3.80,3.80,3.80,3.80,000,3.80
2003-07-23,3.80,3.80,3.80,3.80,000,3.80
2003-07-22,3.80,3.80,3.80,3.80,000,3.80
2003-07-21,3.80,3.80,3.80,3.80,000,3.80
2003-07-18,3.80,3.80,3.80,3.80,000,3.80
2003-07-17,3.80,3.80,3.80,3.80,000,3.80
2003-07-16,3.80,3.80,3.80,3.80,000,3.80
2003-07-15,3.80,3.80,3.80,3.80,000,3.80
2003-07-14,3.80,3.80,3.80,3.80,000,3.80
2003-07-11,3.80,3.80,3.80,3.80,000,3.80
2003-07-10,3.80,3.80,3.80,3.80,000,3.80
2003-07-09,3.80,3.80,3.80,3.80,000,3.80
2003-07-08,3.80,3.80,3.80,3.80,000,3.80
2003-07-07,3.80,3.80,3.80,3.80,000,3.80
2003-07-04,3.80,3.80,3.80,3.80,000,3.80
2003-07-03,3.80,3.80,3.80,3.80,000,3.80
2003-07-02,3.80,3.80,3.80,3.80,000,3.80
2003-07-01,3.80,3.80,3.80,3.80,000,3.80
2003-06-30,3.80,3.80,3.80,3.80,000,3.80
2003-06-27,3.80,3.80,3.80,3.80,000,3.80
2003-06-26,3.80,3.80,3.80,3.80,000,3.80
2003-06-25,3.80,3.80,3.80,3.80,000,3.80
2003-06-24,3.80,3.80,3.80,3.80,000,3.80
2003-06-23,3.80,3.80,3.80,3.80,000,3.80
2003-06-20,3.80,3.80,3.80,3.80,000,3.80
2003-06-19,3.80,3.80,3.80,3.80,000,3.80
2003-06-18,3.80,3.80,3.80,3.80,000,3.80
2003-06-17,3.80,3.80,3.80,3.80,000,3.80
2003-06-16,3.80,3.80,3.80,3.80,000,3.80
2003-06-13,3.80,3.80,3.80,3.80,000,3.80
2003-06-12,3.80,3.80,3.80,3.80,000,3.80
2003-06-11,3.80,3.80,3.80,3.80,000,3.80
2003-06-10,3.80,3.80,3.80,3.80,000,3.80
2003-06-09,3.80,3.80,3.80,3.80,000,3.80
2003-06-06,3.80,3.80,3.80,3.80,000,3.80
2003-06-05,3.80,3.80,3.80,3.80,000,3.80
2003-06-04,3.80,3.80,3.80,3.80,000,3.80
2003-06-03,3.80,3.80,3.80,3.80,000,3.80
2003-06-02,3.80,3.80,3.80,3.80,000,3.80
2003-05-30,3.80,3.80,3.80,3.80,000,3.80
2003-05-29,3.80,3.80,3.80,3.80,000,3.80
2003-05-28,3.80,3.80,3.80,3.80,000,3.80
2003-05-27,3.80,3.80,3.80,3.80,000,3.80
2003-05-26,3.80,3.80,3.80,3.80,000,3.80
2003-05-23,3.80,3.80,3.80,3.80,000,3.80
2003-05-22,3.80,3.80,3.80,3.80,000,3.80
2003-05-21,3.80,3.80,3.80,3.80,000,3.80
2003-05-20,3.80,3.80,3.80,3.80,000,3.80
2003-05-19,3.80,3.80,3.80,3.80,000,3.80
2003-05-16,3.80,3.80,3.80,3.80,000,3.80
2003-05-15,3.80,3.80,3.80,3.80,000,3.80
2003-05-14,3.80,3.80,3.80,3.80,000,3.80
2003-05-13,3.80,3.80,3.80,3.80,000,3.80
2003-05-12,3.80,3.80,3.80,3.80,000,3.80
2003-05-09,3.80,3.80,3.80,3.80,000,3.80
2003-05-08,3.80,3.80,3.80,3.80,000,3.80
2003-05-07,3.80,3.80,3.80,3.80,000,3.80
2003-05-06,3.80,3.80,3.80,3.80,000,3.80
2003-05-05,3.80,3.80,3.80,3.80,000,3.80
2003-05-02,3.80,3.80,3.80,3.80,000,3.80
2003-05-01,3.80,3.80,3.80,3.80,000,3.80
2003-04-30,3.80,3.80,3.80,3.80,000,3.80
2003-04-29,3.80,3.80,3.80,3.80,000,3.80
2003-04-28,3.80,3.80,3.80,3.80,000,3.80
2003-04-25,3.80,3.80,3.80,3.80,000,3.80
2003-04-24,3.80,3.80,3.80,3.80,000,3.80
2003-04-23,3.80,3.80,3.80,3.80,000,3.80
2003-04-22,3.80,3.80,3.80,3.80,000,3.80
2003-04-21,3.80,3.80,3.80,3.80,000,3.80
2003-04-18,3.80,3.80,3.80,3.80,000,3.80
2003-04-17,3.80,3.80,3.80,3.80,000,3.80
2003-04-16,3.80,3.80,3.80,3.80,000,3.80
2003-04-15,3.80,3.80,3.80,3.80,000,3.80
2003-04-14,3.80,3.80,3.80,3.80,000,3.80
2003-04-11,3.80,3.80,3.80,3.80,000,3.80
2003-04-10,3.80,3.80,3.80,3.80,000,3.80
2003-04-09,3.80,3.80,3.80,3.80,000,3.80
2003-04-08,3.80,3.80,3.80,3.80,000,3.80
2003-04-07,3.80,3.80,3.80,3.80,000,3.80
2003-04-04,3.80,3.80,3.80,3.80,000,3.80
2003-04-03,3.80,3.80,3.80,3.80,000,3.80
2003-04-02,3.80,3.80,3.80,3.80,000,3.80
2003-04-01,3.80,3.80,3.80,3.80,000,3.80
2003-03-31,3.80,3.80,3.80,3.80,000,3.80
2003-03-28,3.80,3.80,3.80,3.80,000,3.80
2003-03-27,3.80,3.80,3.80,3.80,000,3.80
2003-03-26,3.80,3.80,3.80,3.80,000,3.80
2003-03-25,3.80,3.80,3.80,3.80,000,3.80
2003-03-24,3.80,3.80,3.80,3.80,000,3.80
2003-03-21,3.80,3.80,3.80,3.80,000,3.80
2003-03-20,3.80,3.80,3.80,3.80,000,3.80
2003-03-19,3.80,3.80,3.80,3.80,000,3.80
2003-03-18,3.80,3.80,3.80,3.80,000,3.80
2003-03-17,3.80,3.80,3.80,3.80,000,3.80
2003-03-14,3.80,3.80,3.80,3.80,000,3.80
2003-03-13,3.80,3.80,3.80,3.80,000,3.80
2003-03-12,3.80,3.80,3.80,3.80,000,3.80
2003-03-11,3.80,3.80,3.80,3.80,000,3.80
2003-03-10,3.80,3.80,3.80,3.80,000,3.80
2003-03-07,3.80,3.80,3.80,3.80,000,3.80
2003-03-06,3.80,3.80,3.80,3.80,000,3.80
2003-03-05,3.80,3.80,3.80,3.80,000,3.80
2003-03-04,3.80,3.80,3.80,3.80,000,3.80
2003-03-03,3.80,3.80,3.80,3.80,000,3.80
2003-02-28,3.80,3.80,3.80,3.80,000,3.80
2003-02-27,3.80,3.80,3.80,3.80,000,3.80
2003-02-26,3.80,3.80,3.80,3.80,000,3.80
2003-02-25,3.80,3.80,3.80,3.80,000,3.80
2003-02-24,3.80,3.80,3.80,3.80,000,3.80
2003-02-21,3.80,3.80,3.80,3.80,000,3.80
2003-02-20,3.80,3.80,3.80,3.80,000,3.80
2003-02-19,3.80,3.80,3.80,3.80,000,3.80
2003-02-18,3.80,3.80,3.80,3.80,000,3.80
2003-02-17,3.80,3.80,3.80,3.80,000,3.80
2003-02-14,3.80,3.80,3.80,3.80,000,3.80
2003-02-13,3.80,3.80,3.80,3.80,000,3.80
2003-02-12,3.80,3.80,3.80,3.80,000,3.80
2003-02-11,3.80,3.80,3.80,3.80,000,3.80
2003-02-10,3.80,3.80,3.80,3.80,000,3.80
2003-02-07,3.80,3.80,3.80,3.80,000,3.80
2003-02-06,3.80,3.80,3.80,3.80,000,3.80
2003-02-05,3.80,3.80,3.80,3.80,000,3.80
2003-02-04,3.80,3.80,3.80,3.80,000,3.80
2003-02-03,3.80,3.80,3.80,3.80,000,3.80
2003-01-31,3.80,3.80,3.80,3.80,000,3.80
2003-01-30,3.80,3.80,3.80,3.80,000,3.80
2003-01-29,3.80,3.80,3.80,3.80,000,3.80
2003-01-28,3.80,3.80,3.80,3.80,000,3.80
2003-01-27,3.80,3.80,3.80,3.80,000,3.80
2003-01-24,3.80,3.80,3.80,3.80,000,3.80
2003-01-23,3.80,3.80,3.80,3.80,000,3.80
2003-01-22,3.80,3.80,3.80,3.80,000,3.80
2003-01-21,3.80,3.80,3.80,3.80,000,3.80
2003-01-20,3.80,3.80,3.80,3.80,000,3.80
2003-01-17,3.80,3.80,3.80,3.80,000,3.80
2003-01-16,3.80,3.80,3.80,3.80,000,3.80
2003-01-15,3.80,3.80,3.80,3.80,000,3.80
2003-01-14,3.80,3.80,3.80,3.80,000,3.80
2003-01-13,3.80,3.80,3.80,3.80,000,3.80
2003-01-10,3.80,3.80,3.80,3.80,000,3.80
2003-01-09,3.80,3.80,3.80,3.80,000,3.80
2003-01-08,3.80,3.80,3.80,3.80,000,3.80
2003-01-07,3.80,3.80,3.80,3.80,000,3.80
2003-01-06,3.80,3.80,3.80,3.80,000,3.80
2003-01-03,3.80,3.80,3.80,3.80,000,3.80
2003-01-02,3.80,3.80,3.80,3.80,000,3.80
2003-01-01,3.80,3.80,3.80,3.80,000,3.80
2002-12-31,3.80,3.80,3.80,3.80,000,3.80
2002-12-30,3.80,3.80,3.80,3.80,000,3.80
2002-12-27,3.80,3.80,3.80,3.80,000,3.80
2002-12-26,3.80,3.80,3.80,3.80,000,3.80
2002-12-25,3.80,3.80,3.80,3.80,000,3.80
2002-12-24,3.80,3.80,3.80,3.80,000,3.80
2002-12-23,3.80,3.80,3.80,3.80,000,3.80
2002-12-20,3.80,3.80,3.80,3.80,000,3.80
2002-12-19,3.80,3.80,3.80,3.80,000,3.80
2002-12-18,3.80,3.80,3.80,3.80,000,3.80
2002-12-17,3.80,3.80,3.80,3.80,000,3.80
2002-12-16,3.80,3.80,3.80,3.80,000,3.80
2002-12-13,3.80,3.80,3.80,3.80,000,3.80
2002-12-12,3.80,3.80,3.80,3.80,000,3.80
2002-12-11,3.80,3.80,3.80,3.80,000,3.80
2002-12-10,3.80,3.80,3.80,3.80,000,3.80
2002-12-09,3.80,3.80,3.80,3.80,000,3.80
2002-12-06,3.80,3.80,3.80,3.80,000,3.80
2002-12-05,3.80,3.80,3.80,3.80,000,3.80
2002-12-04,3.80,3.80,3.80,3.80,000,3.80
2002-12-03,3.80,3.80,3.80,3.80,000,3.80
2002-12-02,3.80,3.80,3.80,3.80,000,3.80
2002-11-29,3.80,3.80,3.80,3.80,000,3.80
2002-11-28,3.80,3.80,3.80,3.80,000,3.80
2002-11-27,3.80,3.80,3.80,3.80,000,3.80
2002-11-26,3.80,3.80,3.80,3.80,000,3.80
2002-11-25,3.80,3.80,3.80,3.80,000,3.80
2002-11-22,3.80,3.80,3.80,3.80,000,3.80
2002-11-21,3.80,3.80,3.80,3.80,000,3.80
2002-11-20,3.80,3.80,3.80,3.80,000,3.80
2002-11-19,3.80,3.80,3.80,3.80,000,3.80
2002-11-18,3.80,3.80,3.80,3.80,000,3.80
2002-11-15,3.80,3.80,3.80,3.80,000,3.80
2002-11-14,3.80,3.80,3.80,3.80,000,3.80
2002-11-13,3.80,3.80,3.80,3.80,000,3.80
2002-11-12,3.80,3.80,3.80,3.80,000,3.80
2002-11-11,3.80,3.80,3.80,3.80,000,3.80
2002-11-08,3.80,3.80,3.80,3.80,000,3.80
2002-11-07,3.80,3.80,3.80,3.80,000,3.80
2002-11-06,3.80,3.80,3.80,3.80,000,3.80
2002-11-05,3.80,3.80,3.80,3.80,000,3.80
2002-11-04,3.80,3.80,3.80,3.80,000,3.80
2002-11-01,3.80,3.80,3.80,3.80,000,3.80
2002-10-31,3.80,3.80,3.80,3.80,000,3.80
2002-10-30,3.80,3.80,3.80,3.80,000,3.80
2002-10-29,3.80,3.80,3.80,3.80,000,3.80
2002-10-28,3.80,3.80,3.80,3.80,000,3.80
2002-10-25,3.80,3.80,3.80,3.80,000,3.80
2002-10-24,3.80,3.80,3.80,3.80,000,3.80
2002-10-23,3.80,3.80,3.80,3.80,000,3.80
2002-10-22,3.80,3.80,3.80,3.80,000,3.80
2002-10-21,3.80,3.80,3.80,3.80,000,3.80
2002-10-18,3.80,3.80,3.80,3.80,000,3.80
2002-10-17,3.80,3.80,3.80,3.80,000,3.80
2002-10-16,3.80,3.80,3.80,3.80,000,3.80
2002-10-15,3.80,3.80,3.80,3.80,000,3.80
2002-10-14,3.80,3.80,3.80,3.80,000,3.80
2002-10-11,3.80,3.80,3.80,3.80,000,3.80
2002-10-10,3.80,3.80,3.80,3.80,000,3.80
2002-10-09,3.80,3.80,3.80,3.80,000,3.80
2002-10-08,3.80,3.80,3.80,3.80,000,3.80
2002-10-07,3.80,3.80,3.80,3.80,000,3.80
2002-10-04,3.80,3.80,3.80,3.80,000,3.80
2002-10-03,3.80,3.80,3.80,3.80,000,3.80
2002-10-02,3.80,3.80,3.80,3.80,000,3.80
2002-10-01,3.80,3.80,3.80,3.80,000,3.80
2002-09-30,3.80,3.80,3.80,3.80,000,3.80
2002-09-27,3.80,3.80,3.80,3.80,000,3.80
2002-09-26,3.80,3.80,3.80,3.80,000,3.80
2002-09-25,3.80,3.80,3.80,3.80,000,3.80
2002-09-24,3.80,3.80,3.80,3.80,000,3.80
2002-09-23,3.80,3.80,3.80,3.80,000,3.80
2002-09-20,3.80,3.80,3.80,3.80,000,3.80
2002-09-19,3.80,3.80,3.80,3.80,000,3.80
2002-09-18,3.80,3.80,3.80,3.80,000,3.80
2002-09-17,3.80,3.80,3.80,3.80,000,3.80
2002-09-16,3.80,3.80,3.80,3.80,000,3.80
2002-09-13,3.80,3.80,3.80,3.80,000,3.80
2002-09-12,3.80,3.80,3.80,3.80,000,3.80
2002-09-11,3.80,3.80,3.80,3.80,000,3.80
2002-09-10,3.80,3.80,3.80,3.80,000,3.80
2002-09-09,3.80,3.80,3.80,3.80,000,3.80
2002-09-06,3.80,3.80,3.80,3.80,000,3.80
2002-09-05,3.80,3.80,3.80,3.80,000,3.80
2002-09-04,3.80,3.80,3.80,3.80,000,3.80
2002-09-03,3.80,3.80,3.80,3.80,000,3.80
2002-09-02,3.80,3.80,3.80,3.80,000,3.80
2002-08-30,3.80,3.80,3.80,3.80,000,3.80
2002-08-29,3.80,3.80,3.80,3.80,000,3.80
2002-08-28,3.80,3.80,3.80,3.80,000,3.80
2002-08-27,3.80,3.80,3.80,3.80,000,3.80
2002-08-26,3.80,3.80,3.80,3.80,000,3.80
2002-08-23,3.80,3.80,3.80,3.80,000,3.80
2002-08-22,3.80,3.80,3.80,3.80,000,3.80
2002-08-21,3.80,3.80,3.80,3.80,000,3.80
2002-08-20,3.80,3.80,3.80,3.80,000,3.80
2002-08-19,3.80,3.80,3.80,3.80,000,3.80
2002-08-16,3.80,3.80,3.80,3.80,000,3.80
2002-08-15,3.80,3.80,3.80,3.80,000,3.80
2002-08-14,3.80,3.80,3.80,3.80,000,3.80
2002-08-13,3.80,3.80,3.80,3.80,000,3.80
2002-08-12,3.80,3.80,3.80,3.80,000,3.80
2002-08-09,3.80,3.80,3.80,3.80,000,3.80
2002-08-08,3.80,3.80,3.80,3.80,000,3.80
2002-08-07,3.80,3.80,3.80,3.80,000,3.80
2002-08-06,3.80,3.80,3.80,3.80,000,3.80
2002-08-05,3.80,3.80,3.80,3.80,000,3.80
2002-08-02,3.80,3.80,3.80,3.80,000,3.80
2002-08-01,3.80,3.80,3.80,3.80,000,3.80
2002-07-31,3.80,3.80,3.80,3.80,000,3.80
2002-07-30,3.80,3.80,3.80,3.80,000,3.80
2002-07-29,3.80,3.80,3.80,3.80,000,3.80
2002-07-26,3.80,3.80,3.80,3.80,000,3.80
2002-07-25,3.80,3.80,3.80,3.80,000,3.80
2002-07-24,3.80,3.80,3.80,3.80,000,3.80
2002-07-23,3.80,3.80,3.80,3.80,000,3.80
2002-07-22,3.80,3.80,3.80,3.80,000,3.80
2002-07-19,3.80,3.80,3.80,3.80,000,3.80
2002-07-18,3.80,3.80,3.80,3.80,000,3.80
2002-07-17,3.80,3.80,3.80,3.80,000,3.80
2002-07-16,3.80,3.80,3.80,3.80,000,3.80
2002-07-15,3.80,3.80,3.80,3.80,000,3.80
2002-07-12,3.80,3.80,3.80,3.80,000,3.80
2002-07-11,3.80,3.80,3.80,3.80,000,3.80
2002-07-10,3.80,3.80,3.80,3.80,000,3.80
2002-07-09,3.80,3.80,3.80,3.80,000,3.80
2002-07-08,3.80,3.80,3.80,3.80,000,3.80
2002-07-05,3.80,3.80,3.80,3.80,000,3.80
2002-07-04,3.80,3.80,3.80,3.80,000,3.80
2002-07-03,3.80,3.80,3.80,3.80,000,3.80
2002-07-02,3.80,3.80,3.80,3.80,000,3.80
2002-07-01,3.80,3.80,3.80,3.80,000,3.80
2002-06-28,3.80,3.80,3.80,3.80,000,3.80
2002-06-27,3.80,3.80,3.80,3.80,000,3.80
2002-06-26,3.80,3.80,3.80,3.80,000,3.80
2002-06-25,3.80,3.80,3.80,3.80,000,3.80
2002-06-24,3.80,3.80,3.80,3.80,000,3.80
2002-06-21,3.80,3.80,3.80,3.80,000,3.80
2002-06-20,3.80,3.80,3.80,3.80,000,3.80
2002-06-19,3.80,3.80,3.80,3.80,000,3.80
2002-06-18,3.80,3.80,3.80,3.80,000,3.80
2002-06-17,3.80,3.80,3.80,3.80,000,3.80
2002-06-14,3.80,3.80,3.80,3.80,000,3.80
2002-06-13,3.80,3.80,3.80,3.80,000,3.80
2002-06-12,3.80,3.80,3.80,3.80,000,3.80
2002-06-11,3.80,3.80,3.80,3.80,000,3.80
2002-06-10,3.80,3.80,3.80,3.80,000,3.80
2002-06-07,3.80,3.80,3.80,3.80,000,3.80
2002-06-06,3.80,3.80,3.80,3.80,000,3.80
2002-06-05,3.80,3.80,3.80,3.80,000,3.80
2002-06-04,3.80,3.80,3.80,3.80,000,3.80
2002-06-03,3.80,3.80,3.80,3.80,000,3.80
2002-05-31,3.80,3.80,3.80,3.80,000,3.80
2002-05-30,3.80,3.80,3.80,3.80,000,3.80
2002-05-29,3.80,3.80,3.80,3.80,000,3.80
2002-05-28,3.80,3.80,3.80,3.80,000,3.80
2002-05-27,3.80,3.80,3.80,3.80,000,3.80
2002-05-24,3.80,3.80,3.80,3.80,000,3.80
2002-05-23,3.80,3.80,3.80,3.80,000,3.80
2002-05-22,3.80,3.80,3.80,3.80,000,3.80
2002-05-21,3.80,3.80,3.80,3.80,000,3.80
2002-05-20,3.80,3.80,3.80,3.80,000,3.80
2002-05-17,3.80,3.80,3.80,3.80,000,3.80
2002-05-16,3.80,3.80,3.80,3.80,000,3.80
2002-05-15,3.80,3.80,3.80,3.80,000,3.80
2002-05-14,3.80,3.80,3.80,3.80,000,3.80
2002-05-13,3.80,3.80,3.80,3.80,000,3.80
2002-05-10,3.80,3.80,3.80,3.80,000,3.80
2002-05-09,3.80,3.80,3.80,3.80,000,3.80
2002-05-08,3.80,3.80,3.80,3.80,000,3.80
2002-05-07,3.80,3.80,3.80,3.80,000,3.80
2002-05-06,3.80,3.80,3.80,3.80,000,3.80
2002-05-03,3.80,3.80,3.80,3.80,000,3.80
2002-05-02,3.80,3.80,3.80,3.80,000,3.80
2002-05-01,3.80,3.80,3.80,3.80,000,3.80
2002-04-30,3.80,3.80,3.80,3.80,000,3.80
2002-04-29,3.80,3.80,3.80,3.80,000,3.80
2002-04-26,3.80,3.80,3.80,3.80,000,3.80
2002-04-25,3.80,3.80,3.80,3.80,000,3.80
2002-04-24,3.80,3.80,3.80,3.80,000,3.80
2002-04-23,3.80,3.80,3.80,3.80,000,3.80
2002-04-22,3.80,3.80,3.80,3.80,000,3.80
2002-04-19,3.80,3.80,3.80,3.80,000,3.80
2002-04-18,3.80,3.80,3.80,3.80,000,3.80
2002-04-17,3.80,3.80,3.80,3.80,000,3.80
2002-04-16,3.80,3.80,3.80,3.80,000,3.80
2002-04-15,3.80,3.80,3.80,3.80,000,3.80
2002-04-12,3.80,3.80,3.80,3.80,000,3.80
2002-04-11,3.80,3.80,3.80,3.80,000,3.80
2002-04-10,3.80,3.80,3.80,3.80,000,3.80
2002-04-09,3.80,3.80,3.80,3.80,000,3.80
2002-04-08,3.80,3.80,3.80,3.80,000,3.80
2002-04-05,3.80,3.80,3.80,3.80,000,3.80
2002-04-04,3.80,3.80,3.80,3.80,000,3.80
2002-04-03,3.80,3.80,3.80,3.80,000,3.80
2002-04-02,3.80,3.80,3.80,3.80,000,3.80
2002-04-01,3.80,3.80,3.80,3.80,000,3.80
2002-03-29,3.78,3.78,3.78,3.78,000,3.78
2002-03-28,3.78,3.78,3.78,3.78,000,3.78
2002-03-27,3.80,3.80,3.80,3.80,000,3.80
2002-03-26,3.80,3.80,3.80,3.80,000,3.80
2002-03-25,3.80,3.80,3.80,3.80,000,3.80
2002-03-22,3.80,3.80,3.80,3.80,000,3.80
2002-03-21,3.80,3.80,3.80,3.80,000,3.80
2002-03-20,3.80,3.80,3.80,3.80,000,3.80
2002-03-19,3.80,3.80,3.80,3.80,000,3.80
2002-03-18,3.80,3.80,3.80,3.80,000,3.80
2002-03-15,3.80,3.80,3.80,3.80,000,3.80
2002-03-14,3.80,3.80,3.80,3.80,000,3.80
2002-03-13,3.80,3.80,3.80,3.80,000,3.80
2002-03-12,3.80,3.80,3.80,3.80,000,3.80
2002-03-11,3.80,3.80,3.80,3.80,000,3.80
2002-03-08,3.80,3.80,3.80,3.80,000,3.80
2002-03-07,3.80,3.80,3.80,3.80,000,3.80
2002-03-06,3.80,3.80,3.80,3.80,000,3.80
2002-03-05,3.80,3.80,3.80,3.80,000,3.80
2002-03-04,3.80,3.80,3.80,3.80,000,3.80
2002-03-01,3.80,3.80,3.80,3.80,000,3.80
2002-02-28,3.80,3.80,3.80,3.80,000,3.80
2002-02-27,3.80,3.80,3.80,3.80,000,3.80
2002-02-26,3.80,3.80,3.80,3.80,000,3.80
2002-02-25,3.80,3.80,3.80,3.80,000,3.80
2002-02-22,3.80,3.80,3.80,3.80,000,3.80
2002-02-21,3.80,3.80,3.80,3.80,000,3.80
2002-02-20,3.80,3.80,3.80,3.80,000,3.80
2002-02-19,3.80,3.80,3.80,3.80,000,3.80
2002-02-18,3.80,3.80,3.80,3.80,000,3.80
2002-02-15,3.80,3.80,3.80,3.80,000,3.80
2002-02-14,3.80,3.80,3.80,3.80,000,3.80
2002-02-13,3.80,3.80,3.80,3.80,000,3.80
2002-02-12,3.80,3.80,3.80,3.80,000,3.80
2002-02-11,3.80,3.80,3.80,3.80,000,3.80
2002-02-08,3.80,3.80,3.80,3.80,000,3.80
2002-02-07,3.80,3.80,3.80,3.80,000,3.80
2002-02-06,3.80,3.80,3.80,3.80,000,3.80
2002-02-05,3.80,3.80,3.80,3.80,000,3.80
2002-02-04,3.80,3.80,3.80,3.80,000,3.80
2002-02-01,3.80,3.80,3.80,3.80,000,3.80
2002-01-31,3.80,3.80,3.80,3.80,000,3.80
2002-01-30,3.80,3.80,3.80,3.80,000,3.80
2002-01-29,3.80,3.80,3.80,3.80,000,3.80
2002-01-28,3.80,3.80,3.80,3.80,000,3.80
2002-01-25,3.80,3.80,3.80,3.80,000,3.80
2002-01-24,3.80,3.80,3.80,3.80,000,3.80
2002-01-23,3.80,3.80,3.80,3.80,000,3.80
2002-01-22,3.80,3.80,3.80,3.80,000,3.80
2002-01-21,3.80,3.80,3.80,3.80,000,3.80
2002-01-18,3.80,3.80,3.80,3.80,000,3.80
2002-01-17,3.80,3.80,3.80,3.80,000,3.80
2002-01-16,3.80,3.80,3.80,3.80,000,3.80
2002-01-15,3.80,3.80,3.80,3.80,000,3.80
2002-01-14,3.80,3.80,3.80,3.80,000,3.80
2002-01-11,3.80,3.80,3.80,3.80,000,3.80
2002-01-10,3.80,3.80,3.80,3.80,000,3.80
2002-01-09,3.80,3.80,3.80,3.80,000,3.80
2002-01-08,3.80,3.80,3.80,3.80,000,3.80
2002-01-07,3.80,3.80,3.80,3.80,000,3.80
2002-01-04,3.80,3.80,3.80,3.80,000,3.80
2002-01-03,3.80,3.80,3.80,3.80,000,3.80
2002-01-02,3.80,3.80,3.80,3.80,000,3.80
2002-01-01,3.80,3.80,3.80,3.80,000,3.80
2001-12-31,3.80,3.80,3.80,3.80,000,3.80
2001-12-28,3.80,3.80,3.80,3.80,000,3.80
2001-12-27,3.80,3.80,3.80,3.80,000,3.80
2001-12-26,3.80,3.80,3.80,3.80,000,3.80
2001-12-25,3.80,3.80,3.80,3.80,000,3.80
2001-12-24,3.80,3.80,3.80,3.80,000,3.80
2001-12-21,3.80,3.80,3.80,3.80,000,3.80
2001-12-20,3.80,3.80,3.80,3.80,000,3.80
2001-12-19,3.80,3.80,3.80,3.80,000,3.80
2001-12-18,3.80,3.80,3.80,3.80,000,3.80
2001-12-17,3.80,3.80,3.80,3.80,000,3.80
2001-12-14,3.80,3.80,3.80,3.80,000,3.80
2001-12-13,3.80,3.80,3.80,3.80,000,3.80
2001-12-12,3.80,3.80,3.80,3.80,000,3.80
2001-12-11,3.80,3.80,3.80,3.80,000,3.80
2001-12-10,3.80,3.80,3.80,3.80,000,3.80
2001-12-07,3.80,3.80,3.80,3.80,000,3.80
2001-12-06,3.80,3.80,3.80,3.80,000,3.80
2001-12-05,3.80,3.80,3.80,3.80,000,3.80
2001-12-04,3.80,3.80,3.80,3.80,000,3.80
2001-12-03,3.80,3.80,3.80,3.80,000,3.80
2001-11-30,3.80,3.80,3.80,3.80,000,3.80
2001-11-29,3.80,3.80,3.80,3.80,000,3.80
2001-11-28,3.80,3.80,3.80,3.80,000,3.80
2001-11-27,3.80,3.80,3.80,3.80,000,3.80
2001-11-26,3.80,3.80,3.80,3.80,000,3.80
2001-11-23,3.80,3.80,3.80,3.80,000,3.80
2001-11-22,3.80,3.80,3.80,3.80,000,3.80
2001-11-21,3.80,3.80,3.80,3.80,000,3.80
2001-11-20,3.80,3.80,3.80,3.80,000,3.80
2001-11-19,3.80,3.80,3.80,3.80,000,3.80
2001-11-16,3.80,3.80,3.80,3.80,000,3.80
2001-11-15,3.80,3.80,3.80,3.80,000,3.80
2001-11-14,3.80,3.80,3.80,3.80,000,3.80
2001-11-13,3.80,3.80,3.80,3.80,000,3.80
2001-11-12,3.80,3.80,3.80,3.80,000,3.80
2001-11-09,3.80,3.80,3.80,3.80,000,3.80
2001-11-08,3.80,3.80,3.80,3.80,000,3.80
2001-11-07,3.80,3.80,3.80,3.80,000,3.80
2001-11-06,3.80,3.80,3.80,3.80,000,3.80
2001-11-05,3.80,3.80,3.80,3.80,000,3.80
2001-11-02,3.80,3.80,3.80,3.80,000,3.80
2001-11-01,3.80,3.80,3.80,3.80,000,3.80
2001-10-31,3.80,3.80,3.80,3.80,000,3.80
2001-10-30,3.80,3.80,3.80,3.80,000,3.80
2001-10-29,3.80,3.80,3.80,3.80,000,3.80
2001-10-26,3.80,3.80,3.80,3.80,000,3.80
2001-10-25,3.80,3.80,3.80,3.80,000,3.80
2001-10-24,3.80,3.80,3.80,3.80,000,3.80
2001-10-23,3.80,3.80,3.80,3.80,000,3.80
2001-10-22,3.80,3.80,3.80,3.80,000,3.80
2001-10-19,3.80,3.80,3.80,3.80,000,3.80
2001-10-18,3.80,3.80,3.80,3.80,000,3.80
2001-10-17,3.80,3.80,3.80,3.80,000,3.80
2001-10-16,3.80,3.80,3.80,3.80,000,3.80
2001-10-15,3.80,3.80,3.80,3.80,000,3.80
2001-10-12,3.80,3.80,3.80,3.80,000,3.80
2001-10-11,3.80,3.80,3.80,3.80,000,3.80
2001-10-10,3.80,3.80,3.80,3.80,000,3.80
2001-10-09,3.80,3.80,3.80,3.80,000,3.80
2001-10-08,3.80,3.80,3.80,3.80,000,3.80
2001-10-05,3.80,3.80,3.80,3.80,000,3.80
2001-10-04,3.80,3.80,3.80,3.80,000,3.80
2001-10-03,3.80,3.80,3.80,3.80,000,3.80
2001-10-02,3.80,3.80,3.80,3.80,000,3.80
2001-10-01,3.80,3.80,3.80,3.80,000,3.80
2001-09-28,3.80,3.80,3.80,3.80,000,3.80
2001-09-27,3.80,3.80,3.80,3.80,000,3.80
2001-09-26,3.80,3.80,3.80,3.80,000,3.80
2001-09-25,3.80,3.80,3.80,3.80,000,3.80
2001-09-24,3.80,3.80,3.80,3.80,000,3.80
2001-09-21,3.80,3.80,3.80,3.80,000,3.80
2001-09-20,3.80,3.80,3.80,3.80,000,3.80
2001-09-19,3.80,3.80,3.80,3.80,000,3.80
2001-09-18,3.80,3.80,3.80,3.80,000,3.80
2001-09-17,3.80,3.80,3.80,3.80,000,3.80
2001-09-14,3.80,3.80,3.80,3.80,000,3.80
2001-09-13,3.80,3.80,3.80,3.80,000,3.80
2001-09-12,3.80,3.80,3.80,3.80,000,3.80
2001-09-11,3.73,3.73,3.73,3.73,000,3.73
2001-09-10,3.80,3.80,3.80,3.80,000,3.80
2001-09-07,3.80,3.80,3.80,3.80,000,3.80
2001-09-06,3.80,3.80,3.80,3.80,000,3.80
2001-09-05,3.80,3.80,3.80,3.80,000,3.80
2001-09-04,3.80,3.80,3.80,3.80,000,3.80
2001-09-03,3.80,3.80,3.80,3.80,000,3.80
2001-08-31,3.80,3.80,3.80,3.80,000,3.80
2001-08-30,3.80,3.80,3.80,3.80,000,3.80
2001-08-29,3.80,3.80,3.80,3.80,000,3.80
2001-08-28,3.80,3.80,3.80,3.80,000,3.80
2001-08-27,3.80,3.80,3.80,3.80,000,3.80
2001-08-24,3.80,3.80,3.80,3.80,000,3.80
2001-08-23,3.80,3.80,3.80,3.80,000,3.80
2001-08-22,3.80,3.80,3.80,3.80,000,3.80
2001-08-21,3.80,3.80,3.80,3.80,000,3.80
2001-08-20,3.80,3.80,3.80,3.80,000,3.80
2001-08-17,3.80,3.80,3.80,3.80,000,3.80
2001-08-16,3.80,3.80,3.80,3.80,000,3.80
2001-08-15,3.80,3.80,3.80,3.80,000,3.80
2001-08-14,3.80,3.80,3.80,3.80,000,3.80
2001-08-13,3.80,3.80,3.80,3.80,000,3.80
2001-08-10,3.80,3.80,3.80,3.80,000,3.80
2001-08-09,3.80,3.80,3.80,3.80,000,3.80
2001-08-08,3.80,3.80,3.80,3.80,000,3.80
2001-08-07,3.80,3.80,3.80,3.80,000,3.80
2001-08-06,3.80,3.80,3.80,3.80,000,3.80
2001-08-03,3.80,3.80,3.80,3.80,000,3.80
2001-08-02,3.80,3.80,3.80,3.80,000,3.80
2001-08-01,3.80,3.80,3.80,3.80,000,3.80
2001-07-31,3.80,3.80,3.80,3.80,000,3.80
2001-07-30,3.80,3.80,3.80,3.80,000,3.80
2001-07-27,3.80,3.80,3.80,3.80,000,3.80
2001-07-26,3.80,3.80,3.80,3.80,000,3.80
2001-07-25,3.80,3.80,3.80,3.80,000,3.80
2001-07-24,3.80,3.80,3.80,3.80,000,3.80
2001-07-23,3.80,3.80,3.80,3.80,000,3.80
2001-07-20,3.80,3.80,3.80,3.80,000,3.80
2001-07-19,3.80,3.80,3.80,3.80,000,3.80
2001-07-18,3.80,3.80,3.80,3.80,000,3.80
2001-07-17,3.80,3.80,3.80,3.80,000,3.80
2001-07-16,3.80,3.80,3.80,3.80,000,3.80
2001-07-13,3.80,3.80,3.80,3.80,000,3.80
2001-07-12,3.80,3.80,3.80,3.80,000,3.80
2001-07-11,3.80,3.80,3.80,3.80,000,3.80
2001-07-10,3.80,3.80,3.80,3.80,000,3.80
2001-07-09,3.80,3.80,3.80,3.80,000,3.80
2001-07-06,3.80,3.80,3.80,3.80,000,3.80
2001-07-05,3.80,3.80,3.80,3.80,000,3.80
2001-07-04,3.80,3.80,3.80,3.80,000,3.80
2001-07-03,3.80,3.80,3.80,3.80,000,3.80
2001-07-02,3.80,3.80,3.80,3.80,000,3.80
2001-06-29,3.80,3.80,3.80,3.80,000,3.80
2001-06-28,3.80,3.80,3.80,3.80,000,3.80
2001-06-27,3.80,3.80,3.80,3.80,000,3.80
2001-06-26,3.80,3.80,3.80,3.80,000,3.80
2001-06-25,3.80,3.80,3.80,3.80,000,3.80
2001-06-22,3.80,3.80,3.80,3.80,000,3.80
2001-06-21,3.80,3.80,3.80,3.80,000,3.80
2001-06-20,3.80,3.80,3.80,3.80,000,3.80
2001-06-19,3.80,3.80,3.80,3.80,000,3.80
2001-06-18,3.80,3.80,3.80,3.80,000,3.80
2001-06-15,3.80,3.80,3.80,3.80,000,3.80
2001-06-14,3.80,3.80,3.80,3.80,000,3.80
2001-06-13,3.80,3.80,3.80,3.80,000,3.80
2001-06-12,3.80,3.80,3.80,3.80,000,3.80
2001-06-11,3.80,3.80,3.80,3.80,000,3.80
2001-06-08,3.80,3.80,3.80,3.80,000,3.80
2001-06-07,3.80,3.80,3.80,3.80,000,3.80
2001-06-06,3.80,3.80,3.80,3.80,000,3.80
2001-06-05,3.80,3.80,3.80,3.80,000,3.80
2001-06-04,3.80,3.80,3.80,3.80,000,3.80
2001-06-01,3.80,3.80,3.80,3.80,000,3.80
2001-05-31,3.80,3.80,3.80,3.80,000,3.80
2001-05-30,3.80,3.80,3.80,3.80,000,3.80
2001-05-29,3.80,3.80,3.80,3.80,000,3.80
2001-05-28,3.80,3.80,3.80,3.80,000,3.80
2001-05-25,3.80,3.80,3.80,3.80,000,3.80
2001-05-24,3.80,3.80,3.80,3.80,000,3.80
2001-05-23,3.80,3.80,3.80,3.80,000,3.80
2001-05-22,3.80,3.80,3.80,3.80,000,3.80
2001-05-21,3.80,3.80,3.80,3.80,000,3.80
2001-05-18,3.80,3.80,3.80,3.80,000,3.80
2001-05-17,3.80,3.80,3.80,3.80,000,3.80
2001-05-16,3.80,3.80,3.80,3.80,000,3.80
2001-05-15,3.80,3.80,3.80,3.80,000,3.80
2001-05-14,3.80,3.80,3.80,3.80,000,3.80
2001-05-11,3.80,3.80,3.80,3.80,000,3.80
2001-05-10,3.80,3.80,3.80,3.80,000,3.80
2001-05-09,3.80,3.80,3.80,3.80,000,3.80
2001-05-08,3.80,3.80,3.80,3.80,000,3.80
2001-05-07,3.80,3.80,3.80,3.80,000,3.80
2001-05-04,3.80,3.80,3.80,3.80,000,3.80
2001-05-03,3.80,3.80,3.80,3.80,000,3.80
2001-05-02,3.80,3.80,3.80,3.80,000,3.80
2001-05-01,3.80,3.80,3.80,3.80,000,3.80
2001-04-30,3.80,3.80,3.80,3.80,000,3.80
2001-04-27,3.80,3.80,3.80,3.80,000,3.80
2001-04-26,3.80,3.80,3.80,3.80,000,3.80
2001-04-25,3.80,3.80,3.80,3.80,000,3.80
2001-04-24,3.80,3.80,3.80,3.80,000,3.80
2001-04-23,3.80,3.80,3.80,3.80,000,3.80
2001-04-20,3.80,3.80,3.80,3.80,000,3.80
2001-04-19,3.80,3.80,3.80,3.80,000,3.80
2001-04-18,3.80,3.80,3.80,3.80,000,3.80
2001-04-17,3.80,3.80,3.80,3.80,000,3.80
2001-04-16,3.80,3.80,3.80,3.80,000,3.80
2001-04-13,3.80,3.80,3.80,3.80,000,3.80
2001-04-12,3.80,3.80,3.80,3.80,000,3.80
2001-04-11,3.80,3.80,3.80,3.80,000,3.80
2001-04-10,3.80,3.80,3.80,3.80,000,3.80
2001-04-09,3.80,3.80,3.80,3.80,000,3.80
2001-04-06,3.80,3.80,3.80,3.80,000,3.80
2001-04-05,3.80,3.80,3.80,3.80,000,3.80
2001-04-04,3.80,3.80,3.80,3.80,000,3.80
2001-04-03,3.80,3.80,3.80,3.80,000,3.80
2001-04-02,3.80,3.80,3.80,3.80,000,3.80
2001-03-30,3.80,3.80,3.80,3.80,000,3.80
2001-03-29,3.80,3.80,3.80,3.80,000,3.80
2001-03-28,3.80,3.80,3.80,3.80,000,3.80
2001-03-27,3.80,3.80,3.80,3.80,000,3.80
2001-03-26,3.80,3.80,3.80,3.80,000,3.80
2001-03-23,3.80,3.80,3.80,3.80,000,3.80
2001-03-22,3.80,3.80,3.80,3.80,000,3.80
2001-03-21,3.80,3.80,3.80,3.80,000,3.80
2001-03-20,3.80,3.80,3.80,3.80,000,3.80
2001-03-19,3.80,3.80,3.80,3.80,000,3.80
2001-03-16,3.80,3.80,3.80,3.80,000,3.80
2001-03-15,3.80,3.80,3.80,3.80,000,3.80
2001-03-14,3.80,3.80,3.80,3.80,000,3.80
2001-03-13,3.80,3.80,3.80,3.80,000,3.80
2001-03-12,3.80,3.80,3.80,3.80,000,3.80
2001-03-09,3.80,3.80,3.80,3.80,000,3.80
2001-03-08,3.80,3.80,3.80,3.80,000,3.80
2001-03-07,3.80,3.80,3.80,3.80,000,3.80
2001-03-06,3.80,3.80,3.80,3.80,000,3.80
2001-03-05,3.80,3.80,3.80,3.80,000,3.80
2001-03-02,3.80,3.80,3.80,3.80,000,3.80
2001-03-01,3.80,3.80,3.80,3.80,000,3.80
2001-02-28,3.80,3.80,3.80,3.80,000,3.80
2001-02-27,3.80,3.80,3.80,3.80,000,3.80
2001-02-26,3.80,3.80,3.80,3.80,000,3.80
2001-02-23,3.80,3.80,3.80,3.80,000,3.80
2001-02-22,3.80,3.80,3.80,3.80,000,3.80
2001-02-21,3.80,3.80,3.80,3.80,000,3.80
2001-02-20,3.80,3.80,3.80,3.80,000,3.80
2001-02-19,3.80,3.80,3.80,3.80,000,3.80
2001-02-16,3.80,3.80,3.80,3.80,000,3.80
2001-02-15,3.80,3.80,3.80,3.80,000,3.80
2001-02-14,3.80,3.80,3.80,3.80,000,3.80
2001-02-13,3.80,3.80,3.80,3.80,000,3.80
2001-02-12,3.80,3.80,3.80,3.80,000,3.80
2001-02-09,3.80,3.80,3.80,3.80,000,3.80
2001-02-08,3.80,3.80,3.80,3.80,000,3.80
2001-02-07,3.80,3.80,3.80,3.80,000,3.80
2001-02-06,3.80,3.80,3.80,3.80,000,3.80
2001-02-05,3.80,3.80,3.80,3.80,000,3.80
2001-02-02,3.80,3.80,3.80,3.80,000,3.80
2001-02-01,3.80,3.80,3.80,3.80,000,3.80
2001-01-31,3.80,3.80,3.80,3.80,000,3.80
2001-01-30,3.80,3.80,3.80,3.80,000,3.80
2001-01-29,3.80,3.80,3.80,3.80,000,3.80
2001-01-26,3.80,3.80,3.80,3.80,000,3.80
2001-01-25,3.80,3.80,3.80,3.80,000,3.80
2001-01-24,3.80,3.80,3.80,3.80,000,3.80
2001-01-23,3.80,3.80,3.80,3.80,000,3.80
2001-01-22,3.80,3.80,3.80,3.80,000,3.80
2001-01-19,3.80,3.80,3.80,3.80,000,3.80
2001-01-18,3.80,3.80,3.80,3.80,000,3.80
2001-01-17,3.80,3.80,3.80,3.80,000,3.80
2001-01-16,3.80,3.80,3.80,3.80,000,3.80
2001-01-15,3.80,3.80,3.80,3.80,000,3.80
2001-01-12,3.80,3.80,3.80,3.80,000,3.80
2001-01-11,3.80,3.80,3.80,3.80,000,3.80
2001-01-10,3.80,3.80,3.80,3.80,000,3.80
2001-01-09,3.80,3.80,3.80,3.80,000,3.80
2001-01-08,3.80,3.80,3.80,3.80,000,3.80
2001-01-05,3.80,3.80,3.80,3.80,000,3.80
2001-01-04,3.80,3.80,3.80,3.80,000,3.80
2001-01-03,3.80,3.80,3.80,3.80,000,3.80
2001-01-02,3.80,3.80,3.80,3.80,000,3.80
2001-01-01,3.80,3.80,3.80,3.80,000,3.80
2000-12-29,3.80,3.80,3.80,3.80,000,3.80
2000-12-28,3.80,3.80,3.80,3.80,000,3.80
2000-12-27,3.80,3.80,3.80,3.80,000,3.80
2000-12-26,3.80,3.80,3.80,3.80,000,3.80
2000-12-25,3.80,3.80,3.80,3.80,000,3.80
2000-12-22,3.80,3.80,3.80,3.80,000,3.80
2000-12-21,3.80,3.80,3.80,3.80,000,3.80
2000-12-20,3.80,3.80,3.80,3.80,000,3.80
2000-12-19,3.80,3.80,3.80,3.80,000,3.80
2000-12-18,3.80,3.80,3.80,3.80,000,3.80
2000-12-15,3.80,3.80,3.80,3.80,000,3.80
2000-12-14,3.80,3.80,3.80,3.80,000,3.80
2000-12-13,3.80,3.80,3.80,3.80,000,3.80
2000-12-12,3.80,3.80,3.80,3.80,000,3.80
2000-12-11,3.80,3.80,3.80,3.80,000,3.80
2000-12-08,3.80,3.80,3.80,3.80,000,3.80
2000-12-07,3.80,3.80,3.80,3.80,000,3.80
2000-12-06,3.80,3.80,3.80,3.80,000,3.80
2000-12-05,3.80,3.80,3.80,3.80,000,3.80
2000-12-04,3.80,3.80,3.80,3.80,000,3.80
2000-12-01,3.80,3.80,3.80,3.80,000,3.80
2000-11-30,3.80,3.80,3.80,3.80,000,3.80
2000-11-29,3.80,3.80,3.80,3.80,000,3.80
2000-11-28,3.80,3.80,3.80,3.80,000,3.80
2000-11-27,3.80,3.80,3.80,3.80,000,3.80
2000-11-24,3.80,3.80,3.80,3.80,000,3.80
2000-11-23,3.80,3.80,3.80,3.80,000,3.80
2000-11-22,3.80,3.80,3.80,3.80,000,3.80
2000-11-21,3.80,3.80,3.80,3.80,000,3.80
2000-11-20,3.80,3.80,3.80,3.80,000,3.80
2000-11-17,3.80,3.80,3.80,3.80,000,3.80
2000-11-16,3.80,3.80,3.80,3.80,000,3.80
2000-11-15,3.80,3.80,3.80,3.80,000,3.80
2000-11-14,3.80,3.80,3.80,3.80,000,3.80
2000-11-13,3.80,3.80,3.80,3.80,000,3.80
2000-11-10,3.80,3.80,3.80,3.80,000,3.80
2000-11-09,3.80,3.80,3.80,3.80,000,3.80
2000-11-08,3.80,3.80,3.80,3.80,000,3.80
2000-11-07,3.80,3.80,3.80,3.80,000,3.80
2000-11-06,3.80,3.80,3.80,3.80,000,3.80
2000-11-03,3.80,3.80,3.80,3.80,000,3.80
2000-11-02,3.80,3.80,3.80,3.80,000,3.80
2000-11-01,3.80,3.80,3.80,3.80,000,3.80
2000-10-31,3.80,3.80,3.80,3.80,000,3.80
2000-10-30,3.80,3.80,3.80,3.80,000,3.80
2000-10-27,3.80,3.80,3.80,3.80,000,3.80
2000-10-26,3.80,3.80,3.80,3.80,000,3.80
2000-10-25,3.80,3.80,3.80,3.80,000,3.80
2000-10-24,3.80,3.80,3.80,3.80,000,3.80
2000-10-23,3.80,3.80,3.80,3.80,000,3.80
2000-10-20,3.80,3.80,3.80,3.80,000,3.80
2000-10-19,3.80,3.80,3.80,3.80,000,3.80
2000-10-18,3.80,3.80,3.80,3.80,000,3.80
2000-10-17,3.80,3.80,3.80,3.80,000,3.80
2000-10-16,3.80,3.80,3.80,3.80,000,3.80
2000-10-13,3.80,3.80,3.80,3.80,000,3.80
2000-10-12,3.80,3.80,3.80,3.80,000,3.80
2000-10-11,3.80,3.80,3.80,3.80,000,3.80
2000-10-10,3.80,3.80,3.80,3.80,000,3.80
2000-10-09,3.80,3.80,3.80,3.80,000,3.80
2000-10-06,3.80,3.80,3.80,3.80,000,3.80
2000-10-05,3.80,3.80,3.80,3.80,000,3.80
2000-10-04,3.80,3.80,3.80,3.80,000,3.80
2000-10-03,3.80,3.80,3.80,3.80,000,3.80
2000-10-02,3.80,3.80,3.80,3.80,000,3.80
2000-09-29,3.80,3.80,3.80,3.80,000,3.80
2000-09-28,3.80,3.80,3.80,3.80,000,3.80
2000-09-27,3.80,3.80,3.80,3.80,000,3.80
2000-09-26,3.80,3.80,3.80,3.80,000,3.80
2000-09-25,3.80,3.80,3.80,3.80,000,3.80
2000-09-22,3.80,3.80,3.80,3.80,000,3.80
2000-09-21,3.80,3.80,3.80,3.80,000,3.80
2000-09-20,3.80,3.80,3.80,3.80,000,3.80
2000-09-19,3.80,3.80,3.80,3.80,000,3.80
2000-09-18,3.80,3.80,3.80,3.80,000,3.80
2000-09-15,3.80,3.80,3.80,3.80,000,3.80
2000-09-14,3.80,3.80,3.80,3.80,000,3.80
2000-09-13,3.80,3.80,3.80,3.80,000,3.80
2000-09-12,3.80,3.80,3.80,3.80,000,3.80
2000-09-11,3.80,3.80,3.80,3.80,000,3.80
2000-09-08,3.80,3.80,3.80,3.80,000,3.80
2000-09-07,3.80,3.80,3.80,3.80,000,3.80
2000-09-06,3.80,3.80,3.80,3.80,000,3.80
2000-09-05,3.80,3.80,3.80,3.80,000,3.80
2000-09-04,3.80,3.80,3.80,3.80,000,3.80
2000-09-01,3.80,3.80,3.80,3.80,000,3.80
2000-08-31,3.80,3.80,3.80,3.80,000,3.80
2000-08-30,3.80,3.80,3.80,3.80,000,3.80
2000-08-29,3.80,3.80,3.80,3.80,000,3.80
2000-08-28,3.80,3.80,3.80,3.80,000,3.80
2000-08-25,3.80,3.80,3.80,3.80,000,3.80
2000-08-24,3.80,3.80,3.80,3.80,000,3.80
2000-08-23,3.80,3.80,3.80,3.80,000,3.80
2000-08-22,3.80,3.80,3.80,3.80,000,3.80
2000-08-21,3.80,3.80,3.80,3.80,000,3.80
2000-08-18,3.80,3.80,3.80,3.80,000,3.80
2000-08-17,3.80,3.80,3.80,3.80,000,3.80
2000-08-16,3.80,3.80,3.80,3.80,000,3.80
2000-08-15,3.80,3.80,3.80,3.80,000,3.80
2000-08-14,3.80,3.80,3.80,3.80,000,3.80
2000-08-11,3.80,3.80,3.80,3.80,000,3.80
2000-08-10,3.80,3.80,3.80,3.80,000,3.80
2000-08-09,3.80,3.80,3.80,3.80,000,3.80
2000-08-08,3.80,3.80,3.80,3.80,000,3.80
2000-08-07,3.80,3.80,3.80,3.80,000,3.80
2000-08-04,3.80,3.80,3.80,3.80,000,3.80
2000-08-03,3.80,3.80,3.80,3.80,000,3.80
2000-08-02,3.80,3.80,3.80,3.80,000,3.80
2000-08-01,3.80,3.80,3.80,3.80,000,3.80
2000-07-31,3.80,3.80,3.80,3.80,000,3.80
2000-07-28,3.80,3.80,3.80,3.80,000,3.80
2000-07-27,3.80,3.80,3.80,3.80,000,3.80
2000-07-26,3.80,3.80,3.80,3.80,000,3.80
2000-07-25,3.80,3.80,3.80,3.80,000,3.80
2000-07-24,3.80,3.80,3.80,3.80,000,3.80
2000-07-21,3.80,3.80,3.80,3.80,000,3.80
2000-07-20,3.80,3.80,3.80,3.80,000,3.80
2000-07-19,3.80,3.80,3.80,3.80,000,3.80
2000-07-18,3.80,3.80,3.80,3.80,000,3.80
2000-07-17,3.80,3.80,3.80,3.80,000,3.80
2000-07-14,3.80,3.80,3.80,3.80,000,3.80
2000-07-13,3.80,3.80,3.80,3.80,000,3.80
2000-07-12,3.80,3.80,3.80,3.80,000,3.80
2000-07-11,3.80,3.80,3.80,3.80,000,3.80
2000-07-10,3.80,3.80,3.80,3.80,000,3.80
2000-07-07,3.80,3.80,3.80,3.80,000,3.80
2000-07-06,3.80,3.80,3.80,3.80,000,3.80
2000-07-05,3.80,3.80,3.80,3.80,000,3.80
2000-07-04,3.80,3.80,3.80,3.80,000,3.80
2000-07-03,3.80,3.80,3.80,3.80,000,3.80
2000-06-30,3.80,3.80,3.80,3.80,000,3.80
2000-06-29,3.80,3.80,3.80,3.80,000,3.80
2000-06-28,3.80,3.80,3.80,3.80,000,3.80
2000-06-27,3.80,3.80,3.80,3.80,000,3.80
2000-06-26,3.80,3.80,3.80,3.80,000,3.80
2000-06-23,3.80,3.80,3.80,3.80,000,3.80
2000-06-22,3.80,3.80,3.80,3.80,000,3.80
2000-06-21,3.80,3.80,3.80,3.80,000,3.80
2000-06-20,3.80,3.80,3.80,3.80,000,3.80
2000-06-19,3.80,3.80,3.80,3.80,000,3.80
2000-06-16,3.80,3.80,3.80,3.80,000,3.80
2000-06-15,3.80,3.80,3.80,3.80,000,3.80
2000-06-14,3.80,3.80,3.80,3.80,000,3.80
2000-06-13,3.80,3.80,3.80,3.80,000,3.80
2000-06-12,3.80,3.80,3.80,3.80,000,3.80
2000-06-09,3.80,3.80,3.80,3.80,000,3.80
2000-06-08,3.80,3.80,3.80,3.80,000,3.80
2000-06-07,3.77,3.77,3.77,3.77,000,3.77
2000-06-06,3.80,3.80,3.80,3.80,000,3.80
2000-06-05,3.80,3.80,3.80,3.80,000,3.80
2000-06-02,3.80,3.80,3.80,3.80,000,3.80
2000-06-01,3.80,3.80,3.80,3.80,000,3.80
2000-05-31,3.80,3.80,3.80,3.80,000,3.80
2000-05-30,3.80,3.80,3.80,3.80,000,3.80
2000-05-29,3.80,3.80,3.80,3.80,000,3.80
2000-05-26,3.80,3.80,3.80,3.80,000,3.80
2000-05-25,3.80,3.80,3.80,3.80,000,3.80
2000-05-24,3.80,3.80,3.80,3.80,000,3.80
2000-05-23,3.80,3.80,3.80,3.80,000,3.80
2000-05-22,3.80,3.80,3.80,3.80,000,3.80
2000-05-19,3.80,3.80,3.80,3.80,000,3.80
2000-05-18,3.80,3.80,3.80,3.80,000,3.80
2000-05-17,3.80,3.80,3.80,3.80,000,3.80
2000-05-16,3.80,3.80,3.80,3.80,000,3.80
2000-05-15,3.80,3.80,3.80,3.80,000,3.80
2000-05-12,3.80,3.80,3.80,3.80,000,3.80
2000-05-11,3.80,3.80,3.80,3.80,000,3.80
2000-05-10,3.80,3.80,3.80,3.80,000,3.80
2000-05-09,3.80,3.80,3.80,3.80,000,3.80
2000-05-08,3.80,3.80,3.80,3.80,000,3.80
2000-05-05,3.80,3.80,3.80,3.80,000,3.80
2000-05-04,3.80,3.80,3.80,3.80,000,3.80
2000-05-03,3.80,3.80,3.80,3.80,000,3.80
2000-05-02,3.80,3.80,3.80,3.80,000,3.80
2000-05-01,3.80,3.80,3.80,3.80,000,3.80
2000-04-28,3.80,3.80,3.80,3.80,000,3.80
2000-04-27,3.80,3.80,3.80,3.80,000,3.80
2000-04-26,3.80,3.80,3.80,3.80,000,3.80
2000-04-25,3.80,3.80,3.80,3.80,000,3.80
2000-04-24,3.80,3.80,3.80,3.80,000,3.80
2000-04-21,3.80,3.80,3.80,3.80,000,3.80
2000-04-20,3.80,3.80,3.80,3.80,000,3.80
2000-04-19,3.80,3.80,3.80,3.80,000,3.80
2000-04-18,3.80,3.80,3.80,3.80,000,3.80
2000-04-17,3.80,3.80,3.80,3.80,000,3.80
2000-04-14,3.80,3.80,3.80,3.80,000,3.80
2000-04-13,3.80,3.80,3.80,3.80,000,3.80
2000-04-12,3.80,3.80,3.80,3.80,000,3.80
2000-04-11,3.80,3.80,3.80,3.80,000,3.80
2000-04-10,3.80,3.80,3.80,3.80,000,3.80
2000-04-07,3.80,3.80,3.80,3.80,000,3.80
2000-04-06,3.80,3.80,3.80,3.80,000,3.80
2000-04-05,3.80,3.80,3.80,3.80,000,3.80
2000-04-04,3.80,3.80,3.80,3.80,000,3.80
2000-04-03,3.80,3.80,3.80,3.80,000,3.80
2000-03-31,3.80,3.80,3.80,3.80,000,3.80
2000-03-30,3.80,3.80,3.80,3.80,000,3.80
2000-03-29,3.80,3.80,3.80,3.80,000,3.80
2000-03-28,3.80,3.80,3.80,3.80,000,3.80
2000-03-27,3.80,3.80,3.80,3.80,000,3.80
2000-03-24,3.80,3.80,3.80,3.80,000,3.80
2000-03-23,3.80,3.80,3.80,3.80,000,3.80
2000-03-22,3.80,3.80,3.80,3.80,000,3.80
2000-03-21,3.80,3.80,3.80,3.80,000,3.80
2000-03-20,3.80,3.80,3.80,3.80,000,3.80
2000-03-17,3.80,3.80,3.80,3.80,000,3.80
2000-03-16,3.80,3.80,3.80,3.80,000,3.80
2000-03-15,3.80,3.80,3.80,3.80,000,3.80
2000-03-14,3.80,3.80,3.80,3.80,000,3.80
2000-03-13,3.80,3.80,3.80,3.80,000,3.80
2000-03-10,3.80,3.80,3.80,3.80,000,3.80
2000-03-09,3.80,3.80,3.80,3.80,000,3.80
2000-03-08,3.80,3.80,3.80,3.80,000,3.80
2000-03-07,3.80,3.80,3.80,3.80,000,3.80
2000-03-06,3.80,3.80,3.80,3.80,000,3.80
2000-03-03,3.80,3.80,3.80,3.80,000,3.80
2000-03-02,3.80,3.80,3.80,3.80,000,3.80
2000-03-01,3.80,3.80,3.80,3.80,000,3.80
2000-02-29,3.80,3.80,3.80,3.80,000,3.80
2000-02-28,3.80,3.80,3.80,3.80,000,3.80
2000-02-25,3.80,3.80,3.80,3.80,000,3.80
2000-02-24,3.80,3.80,3.80,3.80,000,3.80
2000-02-23,3.80,3.80,3.80,3.80,000,3.80
2000-02-22,3.80,3.80,3.80,3.80,000,3.80
2000-02-21,3.80,3.80,3.80,3.80,000,3.80
2000-02-18,3.80,3.80,3.80,3.80,000,3.80
2000-02-17,3.80,3.80,3.80,3.80,000,3.80
2000-02-16,3.80,3.80,3.80,3.80,000,3.80
2000-02-15,3.80,3.80,3.80,3.80,000,3.80
2000-02-14,3.80,3.80,3.80,3.80,000,3.80
2000-02-11,3.80,3.80,3.80,3.80,000,3.80
2000-02-10,3.80,3.80,3.80,3.80,000,3.80
2000-02-09,3.80,3.80,3.80,3.80,000,3.80
2000-02-08,3.80,3.80,3.80,3.80,000,3.80
2000-02-07,3.80,3.80,3.80,3.80,000,3.80
2000-02-04,3.80,3.80,3.80,3.80,000,3.80
2000-02-03,3.80,3.80,3.80,3.80,000,3.80
2000-02-02,3.80,3.80,3.80,3.80,000,3.80
2000-02-01,3.80,3.80,3.80,3.80,000,3.80
2000-01-31,3.80,3.80,3.80,3.80,000,3.80
2000-01-28,3.80,3.80,3.80,3.80,000,3.80
2000-01-27,3.80,3.80,3.80,3.80,000,3.80
2000-01-26,3.80,3.80,3.80,3.80,000,3.80
2000-01-25,3.80,3.80,3.80,3.80,000,3.80
2000-01-24,3.80,3.80,3.80,3.80,000,3.80
2000-01-21,3.80,3.80,3.80,3.80,000,3.80
2000-01-20,3.80,3.80,3.80,3.80,000,3.80
2000-01-19,3.80,3.80,3.80,3.80,000,3.80
2000-01-18,3.80,3.80,3.80,3.80,000,3.80
2000-01-17,3.80,3.80,3.80,3.80,000,3.80
2000-01-14,3.80,3.80,3.80,3.80,000,3.80
2000-01-13,3.80,3.80,3.80,3.80,000,3.80
2000-01-12,3.80,3.80,3.80,3.80,000,3.80
2000-01-11,3.80,3.80,3.80,3.80,000,3.80
2000-01-10,3.80,3.80,3.80,3.80,000,3.80
2000-01-07,3.80,3.80,3.80,3.80,000,3.80
2000-01-06,3.80,3.80,3.80,3.80,000,3.80
2000-01-05,3.80,3.80,3.80,3.80,000,3.80
2000-01-04,3.80,3.80,3.80,3.80,000,3.80
2000-01-03,3.80,3.80,3.80,3.80,000,3.80
1999-12-31,3.80,3.80,3.80,3.80,000,3.80
1999-12-30,3.80,3.80,3.80,3.80,000,3.80
1999-12-29,3.80,3.80,3.80,3.80,000,3.80
1999-12-28,3.80,3.80,3.80,3.80,000,3.80
1999-12-27,3.80,3.80,3.80,3.80,000,3.80
1999-12-24,3.80,3.80,3.80,3.80,000,3.80
1999-12-23,3.80,3.80,3.80,3.80,000,3.80
1999-12-22,3.80,3.80,3.80,3.80,000,3.80
1999-12-21,3.80,3.80,3.80,3.80,000,3.80
1999-12-20,3.80,3.80,3.80,3.80,000,3.80
1999-12-17,3.80,3.80,3.80,3.80,000,3.80
1999-12-16,3.80,3.80,3.80,3.80,000,3.80
1999-12-15,3.80,3.80,3.80,3.80,000,3.80
1999-12-14,3.80,3.80,3.80,3.80,000,3.80
1999-12-13,3.80,3.80,3.80,3.80,000,3.80
1999-12-10,3.80,3.80,3.80,3.80,000,3.80
1999-12-09,3.80,3.80,3.80,3.80,000,3.80
1999-12-08,3.80,3.80,3.80,3.80,000,3.80
1999-12-07,3.80,3.80,3.80,3.80,000,3.80
1999-12-06,3.80,3.80,3.80,3.80,000,3.80
1999-12-03,3.80,3.80,3.80,3.80,000,3.80
1999-12-02,3.80,3.80,3.80,3.80,000,3.80
1999-12-01,3.80,3.80,3.80,3.80,000,3.80
1999-11-30,3.80,3.80,3.80,3.80,000,3.80
1999-11-29,3.80,3.80,3.80,3.80,000,3.80
1999-11-26,3.80,3.80,3.80,3.80,000,3.80
1999-11-25,3.80,3.80,3.80,3.80,000,3.80
1999-11-24,3.80,3.80,3.80,3.80,000,3.80
1999-11-23,3.80,3.80,3.80,3.80,000,3.80
1999-11-22,3.80,3.80,3.80,3.80,000,3.80
1999-11-19,3.80,3.80,3.80,3.80,000,3.80
1999-11-18,3.80,3.80,3.80,3.80,000,3.80
1999-11-17,3.80,3.80,3.80,3.80,000,3.80
1999-11-16,3.80,3.80,3.80,3.80,000,3.80
1999-11-15,3.80,3.80,3.80,3.80,000,3.80
1999-11-12,3.80,3.80,3.80,3.80,000,3.80
1999-11-11,3.80,3.80,3.80,3.80,000,3.80
1999-11-10,3.80,3.80,3.80,3.80,000,3.80
1999-11-09,3.80,3.80,3.80,3.80,000,3.80
1999-11-08,3.80,3.80,3.80,3.80,000,3.80
1999-11-05,3.80,3.80,3.80,3.80,000,3.80
1999-11-04,3.80,3.80,3.80,3.80,000,3.80
1999-11-03,3.80,3.80,3.80,3.80,000,3.80
1999-11-02,3.80,3.80,3.80,3.80,000,3.80
1999-11-01,3.80,3.80,3.80,3.80,000,3.80
1999-10-29,3.80,3.80,3.80,3.80,000,3.80
1999-10-28,3.80,3.80,3.80,3.80,000,3.80
1999-10-27,3.80,3.80,3.80,3.80,000,3.80
1999-10-26,3.80,3.80,3.80,3.80,000,3.80
1999-10-25,3.80,3.80,3.80,3.80,000,3.80
1999-10-22,3.80,3.80,3.80,3.80,000,3.80
1999-10-21,3.80,3.80,3.80,3.80,000,3.80
1999-10-20,3.80,3.80,3.80,3.80,000,3.80
1999-10-19,3.80,3.80,3.80,3.80,000,3.80
1999-10-18,3.80,3.80,3.80,3.80,000,3.80
1999-10-15,3.80,3.80,3.80,3.80,000,3.80
1999-10-14,3.80,3.80,3.80,3.80,000,3.80
1999-10-13,3.80,3.80,3.80,3.80,000,3.80
1999-10-12,3.80,3.80,3.80,3.80,000,3.80
1999-10-11,3.80,3.80,3.80,3.80,000,3.80
1999-10-08,3.80,3.80,3.80,3.80,000,3.80
1999-10-07,3.80,3.80,3.80,3.80,000,3.80
1999-10-06,3.80,3.80,3.80,3.80,000,3.80
1999-10-05,3.80,3.80,3.80,3.80,000,3.80
1999-10-04,3.80,3.80,3.80,3.80,000,3.80
1999-10-01,3.80,3.80,3.80,3.80,000,3.80
1999-09-30,3.80,3.80,3.80,3.80,000,3.80
1999-09-29,3.80,3.80,3.80,3.80,000,3.80
1999-09-28,3.80,3.80,3.80,3.80,000,3.80
1999-09-27,3.80,3.80,3.80,3.80,000,3.80
1999-09-24,3.80,3.80,3.80,3.80,000,3.80
1999-09-23,3.80,3.80,3.80,3.80,000,3.80
1999-09-22,3.80,3.80,3.80,3.80,000,3.80
1999-09-21,3.80,3.80,3.80,3.80,000,3.80
1999-09-20,3.80,3.80,3.80,3.80,000,3.80
1999-09-17,3.80,3.80,3.80,3.80,000,3.80
1999-09-16,3.80,3.80,3.80,3.80,000,3.80
1999-09-15,3.80,3.80,3.80,3.80,000,3.80
1999-09-14,3.80,3.80,3.80,3.80,000,3.80
1999-09-13,3.80,3.80,3.80,3.80,000,3.80
1999-09-10,3.80,3.80,3.80,3.80,000,3.80
1999-09-09,3.80,3.80,3.80,3.80,000,3.80
1999-09-08,3.80,3.80,3.80,3.80,000,3.80
1999-09-07,3.80,3.80,3.80,3.80,000,3.80
1999-09-06,3.80,3.80,3.80,3.80,000,3.80
1999-09-03,3.80,3.80,3.80,3.80,000,3.80
1999-09-02,3.80,3.80,3.80,3.80,000,3.80
1999-09-01,3.80,3.80,3.80,3.80,000,3.80
1999-08-31,3.80,3.80,3.80,3.80,000,3.80
1999-08-30,3.80,3.80,3.80,3.80,000,3.80
1999-08-27,3.80,3.80,3.80,3.80,000,3.80
1999-08-26,3.80,3.80,3.80,3.80,000,3.80
1999-08-25,3.80,3.80,3.80,3.80,000,3.80
1999-08-24,3.80,3.80,3.80,3.80,000,3.80
1999-08-23,3.80,3.80,3.80,3.80,000,3.80
1999-08-20,3.80,3.80,3.80,3.80,000,3.80
1999-08-19,3.80,3.80,3.80,3.80,000,3.80
1999-08-18,3.80,3.80,3.80,3.80,000,3.80
1999-08-17,3.80,3.80,3.80,3.80,000,3.80
1999-08-16,3.80,3.80,3.80,3.80,000,3.80
1999-08-13,3.80,3.80,3.80,3.80,000,3.80
1999-08-12,3.80,3.80,3.80,3.80,000,3.80
1999-08-11,3.80,3.80,3.80,3.80,000,3.80
1999-08-10,3.80,3.80,3.80,3.80,000,3.80
1999-08-09,3.80,3.80,3.80,3.80,000,3.80
1999-08-06,3.80,3.80,3.80,3.80,000,3.80
1999-08-05,3.80,3.80,3.80,3.80,000,3.80
1999-08-04,3.80,3.80,3.80,3.80,000,3.80
1999-08-03,3.80,3.80,3.80,3.80,000,3.80
1999-08-02,3.80,3.80,3.80,3.80,000,3.80
1999-07-30,3.80,3.80,3.80,3.80,000,3.80
1999-07-29,3.80,3.80,3.80,3.80,000,3.80
1999-07-28,3.80,3.80,3.80,3.80,000,3.80
1999-07-27,3.80,3.80,3.80,3.80,000,3.80
1999-07-26,3.80,3.80,3.80,3.80,000,3.80
1999-07-23,3.80,3.80,3.80,3.80,000,3.80
1999-07-22,3.80,3.80,3.80,3.80,000,3.80
1999-07-21,3.80,3.80,3.80,3.80,000,3.80
1999-07-20,3.80,3.80,3.80,3.80,000,3.80
1999-07-19,3.80,3.80,3.80,3.80,000,3.80
1999-07-16,3.80,3.80,3.80,3.80,000,3.80
1999-07-15,3.80,3.80,3.80,3.80,000,3.80
1999-07-14,3.80,3.80,3.80,3.80,000,3.80
1999-07-13,3.80,3.80,3.80,3.80,000,3.80
1999-07-12,3.80,3.80,3.80,3.80,000,3.80
1999-07-09,3.80,3.80,3.80,3.80,000,3.80
1999-07-08,3.80,3.80,3.80,3.80,000,3.80
1999-07-07,3.80,3.80,3.80,3.80,000,3.80
1999-07-06,3.80,3.80,3.80,3.80,000,3.80
1999-07-05,3.80,3.80,3.80,3.80,000,3.80
1999-07-02,3.80,3.80,3.80,3.80,000,3.80
1999-07-01,3.80,3.80,3.80,3.80,000,3.80
1999-06-30,3.80,3.80,3.80,3.80,000,3.80
1999-06-29,3.80,3.80,3.80,3.80,000,3.80
1999-06-28,3.80,3.80,3.80,3.80,000,3.80
1999-06-25,3.80,3.80,3.80,3.80,000,3.80
1999-06-24,3.80,3.80,3.80,3.80,000,3.80
1999-06-23,3.80,3.80,3.80,3.80,000,3.80
1999-06-22,3.80,3.80,3.80,3.80,000,3.80
1999-06-21,3.80,3.80,3.80,3.80,000,3.80
1999-06-18,3.80,3.80,3.80,3.80,000,3.80
1999-06-17,3.80,3.80,3.80,3.80,000,3.80
1999-06-16,3.80,3.80,3.80,3.80,000,3.80
1999-06-15,3.80,3.80,3.80,3.80,000,3.80
1999-06-14,3.80,3.80,3.80,3.80,000,3.80
1999-06-11,3.80,3.80,3.80,3.80,000,3.80
1999-06-10,3.80,3.80,3.80,3.80,000,3.80
1999-06-09,3.80,3.80,3.80,3.80,000,3.80
1999-06-08,3.80,3.80,3.80,3.80,000,3.80
1999-06-07,3.80,3.80,3.80,3.80,000,3.80
1999-06-04,3.80,3.80,3.80,3.80,000,3.80
1999-06-03,3.80,3.80,3.80,3.80,000,3.80
1999-06-02,3.80,3.80,3.80,3.80,000,3.80
1999-06-01,3.80,3.80,3.80,3.80,000,3.80
1999-05-31,3.80,3.80,3.80,3.80,000,3.80
1999-05-28,3.80,3.80,3.80,3.80,000,3.80
1999-05-27,3.80,3.80,3.80,3.80,000,3.80
1999-05-26,3.80,3.80,3.80,3.80,000,3.80
1999-05-25,3.80,3.80,3.80,3.80,000,3.80
1999-05-24,3.80,3.80,3.80,3.80,000,3.80
1999-05-21,3.80,3.80,3.80,3.80,000,3.80
1999-05-20,3.80,3.80,3.80,3.80,000,3.80
1999-05-19,3.80,3.80,3.80,3.80,000,3.80
1999-05-18,3.80,3.80,3.80,3.80,000,3.80
1999-05-17,3.80,3.80,3.80,3.80,000,3.80
1999-05-14,3.80,3.80,3.80,3.80,000,3.80
1999-05-13,3.80,3.80,3.80,3.80,000,3.80
1999-05-12,3.80,3.80,3.80,3.80,000,3.80
1999-05-11,3.80,3.80,3.80,3.80,000,3.80
1999-05-10,3.80,3.80,3.80,3.80,000,3.80
1999-05-07,3.80,3.80,3.80,3.80,000,3.80
1999-05-06,3.80,3.80,3.80,3.80,000,3.80
1999-05-05,3.80,3.80,3.80,3.80,000,3.80
1999-05-04,3.80,3.80,3.80,3.80,000,3.80
1999-05-03,3.80,3.80,3.80,3.80,000,3.80
1999-04-30,3.80,3.80,3.80,3.80,000,3.80
1999-04-29,3.80,3.80,3.80,3.80,000,3.80
1999-04-28,3.80,3.80,3.80,3.80,000,3.80
1999-04-27,3.99,3.99,3.99,3.99,000,3.99
1999-04-26,3.99,3.99,3.99,3.99,000,3.99
1999-04-23,3.80,3.80,3.80,3.80,000,3.80
1999-04-22,3.79,3.79,3.79,3.79,000,3.79
1999-04-21,3.80,3.80,3.80,3.80,000,3.80
1999-04-20,3.80,3.80,3.80,3.80,000,3.80
1999-04-19,3.80,3.80,3.80,3.80,000,3.80
1999-04-16,3.80,3.80,3.80,3.80,000,3.80
1999-04-15,3.80,3.80,3.80,3.80,000,3.80
1999-04-14,3.80,3.80,3.80,3.80,000,3.80
1999-04-13,3.80,3.80,3.80,3.80,000,3.80
1999-04-12,3.80,3.80,3.80,3.80,000,3.80
1999-04-09,3.80,3.80,3.80,3.80,000,3.80
1999-04-08,3.80,3.80,3.80,3.80,000,3.80
1999-04-07,3.80,3.80,3.80,3.80,000,3.80
1999-04-06,3.80,3.80,3.80,3.80,000,3.80
1999-04-05,3.80,3.80,3.80,3.80,000,3.80
1999-04-02,3.80,3.80,3.80,3.80,000,3.80
1999-04-01,3.80,3.80,3.80,3.80,000,3.80
1999-03-31,3.81,3.81,3.81,3.81,000,3.81
1999-03-30,3.80,3.80,3.80,3.80,000,3.80
1999-03-29,3.80,3.80,3.80,3.80,000,3.80
1999-03-26,3.80,3.80,3.80,3.80,000,3.80
1999-03-25,3.80,3.80,3.80,3.80,000,3.80
1999-03-24,3.80,3.80,3.80,3.80,000,3.80
1999-03-23,3.80,3.80,3.80,3.80,000,3.80
1999-03-22,3.80,3.80,3.80,3.80,000,3.80
1999-03-19,3.80,3.80,3.80,3.80,000,3.80
1999-03-18,3.80,3.80,3.80,3.80,000,3.80
1999-03-17,3.80,3.80,3.80,3.80,000,3.80
1999-03-16,3.80,3.80,3.80,3.80,000,3.80
1999-03-15,3.80,3.80,3.80,3.80,000,3.80
1999-03-12,3.80,3.80,3.80,3.80,000,3.80
1999-03-11,3.80,3.80,3.80,3.80,000,3.80
1999-03-10,3.80,3.80,3.80,3.80,000,3.80
1999-03-09,3.80,3.80,3.80,3.80,000,3.80
1999-03-08,3.80,3.80,3.80,3.80,000,3.80
1999-03-05,3.80,3.80,3.80,3.80,000,3.80
1999-03-04,3.80,3.80,3.80,3.80,000,3.80
1999-03-03,3.80,3.80,3.80,3.80,000,3.80
1999-03-02,3.80,3.80,3.80,3.80,000,3.80
1999-03-01,3.80,3.80,3.80,3.80,000,3.80
1999-02-26,3.80,3.80,3.80,3.80,000,3.80
1999-02-25,3.80,3.80,3.80,3.80,000,3.80
1999-02-24,3.80,3.80,3.80,3.80,000,3.80
1999-02-23,3.80,3.80,3.80,3.80,000,3.80
1999-02-22,3.80,3.80,3.80,3.80,000,3.80
1999-02-19,3.80,3.80,3.80,3.80,000,3.80
1999-02-18,3.80,3.80,3.80,3.80,000,3.80
1999-02-17,3.80,3.80,3.80,3.80,000,3.80
1999-02-16,3.80,3.80,3.80,3.80,000,3.80
1999-02-15,3.80,3.80,3.80,3.80,000,3.80
1999-02-12,3.80,3.80,3.80,3.80,000,3.80
1999-02-11,3.80,3.80,3.80,3.80,000,3.80
1999-02-10,3.80,3.80,3.80,3.80,000,3.80
1999-02-09,3.80,3.80,3.80,3.80,000,3.80
1999-02-08,3.80,3.80,3.80,3.80,000,3.80
1999-02-05,3.80,3.80,3.80,3.80,000,3.80
1999-02-04,3.80,3.80,3.80,3.80,000,3.80
1999-02-03,3.80,3.80,3.80,3.80,000,3.80
1999-02-02,3.79,3.79,3.79,3.79,000,3.79
1999-02-01,3.80,3.80,3.80,3.80,000,3.80
1999-01-29,3.80,3.80,3.80,3.80,000,3.80
1999-01-28,3.80,3.80,3.80,3.80,000,3.80
1999-01-27,3.80,3.80,3.80,3.80,000,3.80
1999-01-26,3.80,3.80,3.80,3.80,000,3.80
1999-01-25,3.80,3.80,3.80,3.80,000,3.80
1999-01-22,3.80,3.80,3.80,3.80,000,3.80
1999-01-21,3.80,3.80,3.80,3.80,000,3.80
1999-01-20,3.80,3.80,3.80,3.80,000,3.80
1999-01-19,3.80,3.80,3.80,3.80,000,3.80
1999-01-18,3.80,3.80,3.80,3.80,000,3.80
1999-01-15,3.80,3.80,3.80,3.80,000,3.80
1999-01-14,3.80,3.80,3.80,3.80,000,3.80
1999-01-13,3.80,3.80,3.80,3.80,000,3.80
1999-01-12,4.00,4.00,4.00,4.00,000,4.00
1999-01-11,3.80,3.80,3.80,3.80,000,3.80
1999-01-08,3.80,3.80,3.80,3.80,000,3.80
1999-01-07,3.76,3.76,3.76,3.76,000,3.76
1999-01-06,3.80,3.80,3.80,3.80,000,3.80
1999-01-05,3.80,3.80,3.80,3.80,000,3.80
1999-01-04,3.80,3.80,3.80,3.80,000,3.80
1999-01-01,3.79,3.79,3.79,3.79,000,3.79
